6 0.4765625 0.6396484375 0.501953125 0.6181640625 0.51953125 0.4990234375 0.517578125 0.1728515625 0.5009765625 0.029296875 0.474609375 0.0791015625 0.439453125 0.3369140625 0.439453125 0.5263671875 0.45703125 0.6201171875
6 0.4296875 0.9990234375 0.392578125 0.8935546875 0.39453125 0.8486328125 0.2861328125 0.658203125 0.287109375 0.7568359375 0.32421875 0.8583984375 0.2998046875 0.87890625 0.279296875 0.8212890625 0.25390625 0.8193359375 0.33984375 0.9794921875 0.3583984375 0.998046875
6 0.65625 0.7529296875 0.67578125 0.7236328125 0.669921875 0.6826171875 0.6455078125 0.66796875 0.630859375 0.7353515625
6 0.22265625 0.2744140625 0.2490234375 0.1171875 0.212890625 0.2216796875 0.208984375 0.2626953125
6 0.29296875 0.2470703125 0.3203125 0.1611328125 0.3115234375 0.13671875 0.279296875 0.2353515625
6 0.603515625 0.1376953125 0.619140625 0.0751953125 0.5888671875 0.060546875 0.572265625 0.1083984375
6 0.689453125 0.2197265625 0.7080078125 0.18359375 0.755859375 0.1845703125 0.744140625 0.1220703125 0.7861328125 0 0.63671875 0.0009765625 0.65625 0.0498046875 0.673828125 0.2060546875
6 0.66796875 0.5517578125 0.67578125 0.5166015625 0.6611328125 0.501953125 0.642578125 0.5361328125
6 0.6640625 0.4384765625 0.685546875 0.3447265625 0.6572265625 0.328125 0.6328125 0.3837890625 0.6484375 0.4345703125
6 0.61328125 0.3251953125 0.626953125 0.3037109375 0.6220703125 0.26171875 0.6015625 0.2900390625
6 0.21484375 0.0849609375 0.255859375 0.0498046875 0.2626953125 0 0.2392578125 0 0.216796875 0.0224609375
6 0.416015625 0.6572265625 0.427734375 0.6005859375 0.4033203125 0.5625 0.3828125 0.6220703125
6 0.3046875 0.6650390625 0.306640625 0.5986328125 0.2939453125 0.587890625 0.27734375 0.5986328125 0.26953125 0.6435546875 0.2802734375 0.6640625
6 0.541015625 0.7685546875 0.54296875 0.7294921875 0.5166015625 0.701171875 0.501953125 0.7236328125
6 0.5440465024400662 0.9721455574912579 0.507594115547261 0.8905239982802782 0.5517578125 0.853515625 0.52734375 0.8505859375 0.5361328125 0.8359375 0.5166015625 0.826171875 0.513671875 0.8369140625 0.498046875 0.7822265625 0.4814453125 0.78125 0.5234375 0.9990234375
6 0.7610242327845684 0.7863263646022007 0.8026841413571395 0.9912484305000764 0.771484375 0.5927734375 0.728515625 0.3779296875 0.767578125 0.2353515625 0.7255859375 0.19140625 0.712890625 0.2041015625 0.724609375 0.2216796875 0.708984375 0.2861328125 0.7109375 0.5419921875