3 0.404296875 0.3974609375 0.43359375 0.3701171875 0.4228515625 0.349609375 0.3759765625 0.328125 0.357421875 0.3642578125
3 0.603515625 0.6279296875 0.62890625 0.6103515625 0.62890625 0.5830078125 0.5751953125 0.548828125 0.560546875 0.5634765625 0.5625 0.6142578125
3 0.576171875 0.2080078125 0.59375 0.1728515625 0.5634765625 0.154296875 0.54296875 0.1865234375
3 0.19140625 0.3173828125 0.2421875 0.2783203125 0.2216796875 0.25 0.1884765625 0.251953125 0.173828125 0.2724609375 0.169921875 0.3037109375
3 0.6328125 0.3173828125 0.6787109375 0.310546875 0.69140625 0.2744140625 0.6806640625 0.25390625 0.6201171875 0.23828125 0.58984375 0.2861328125
3 0.55859375 0.3876953125 0.5703125 0.3564453125 0.5419921875 0.34375 0.53125 0.3740234375
3 0.806640625 0.4638671875 0.8017578125 0.4375 0.76953125 0.4423828125 0.7802734375 0.462890625
3 0.943359375 0.6064453125 0.966796875 0.5888671875 0.9560546875 0.5625 0.876953125 0.5810546875 0.8876953125 0.60546875
3 0.365234375 0.0634765625 0.373046875 0.0400390625 0.3505859375 0.00390625 0.333984375 0.0458984375
3 0.015625 0.1474609375 0.044921875 0.0966796875 0.0361328125 0.07421875 0.0068359375 0.0703125 0.00390625 0.1376953125
3 0.357421875 0.3056640625 0.3388671875 0.267578125 0.2822265625 0.228515625 0.25 0.2275390625 0.2939453125 0.279296875
3 0.775390625 0.4560546875 0.78125 0.4404296875 0.7470703125 0.412109375 0.72265625 0.4248046875 0.7314453125 0.451171875