6 0.45703125 0.7451171875 0.482421875 0.7216796875 0.52734375 0.6083984375 0.712890625 0.2861328125 0.7607421875 0.12109375 0.705078125 0.2080078125 0.60546875 0.4287109375 0.529296875 0.5205078125
6 0.587890625 0.8564453125 0.5986328125 0.81640625 0.576171875 0.8466796875
6 0.572265625 0.9287109375 0.6083984375 0.837890625 0.57421875 0.8916015625
6 0.48828125 0.8974609375 0.529296875 0.7978515625 0.5224609375 0.78125 0.470703125 0.8662109375 0.46875 0.8916015625
4 0.388671875 0.9130859375 0.3916015625 0.888671875 0.37109375 0.9072265625
4 0.544921875 0.9599609375 0.548828125 0.9443359375 0.5302734375 0.94140625
4 0.431640625 0.9755859375 0.4267578125 0.947265625 0.412109375 0.9697265625
4 0.529296875 0.7529296875 0.55078125 0.7392578125 0.5478515625 0.716796875 0.5234375 0.7177734375
4 0.392578125 0.3505859375 0.408203125 0.3486328125 0.40625 0.3115234375 0.3720703125 0.279296875 0.361328125 0.3193359375 0.375 0.3486328125
4 0.27734375 0.8388671875 0.29296875 0.8330078125 0.2958984375 0.80859375 0.2421875 0.8095703125 0.2412109375 0.8359375
4 0.171875 0.8740234375 0.21875 0.8642578125 0.2138671875 0.82421875 0.16796875 0.8310546875
4 0.32421875 0.9814453125 0.35546875 0.9560546875 0.3349609375 0.927734375 0.314453125 0.9638671875
4 0.490234375 0.6142578125 0.4951171875 0.6015625 0.46484375 0.6083984375
4 0.462890625 0.7021484375 0.478515625 0.6494140625 0.4345703125 0.6484375 0.423828125 0.6845703125