6 0.53125 0.8662109375 0.603515625 0.7314453125 0.625 0.6572265625 0.634765625 0.5185546875 0.609375 0.2509765625 0.6171875 0.1474609375 0.5732421875 0.126953125 0.5439453125 0.126953125 0.4921875 0.1689453125 0.466796875 0.3193359375 0.5 0.4970703125 0.50390625 0.8056640625
6 0.826171875 0.4970703125 0.833984375 0.4287109375 0.8115234375 0.41015625 0.78515625 0.4423828125 0.798828125 0.4931640625
6 0.15625 0.3759765625 0.1455078125 0.3046875 0.201171875 0.3583984375 0.1875 0.2802734375 0.1396484375 0.271484375 0.091796875 0.2275390625 0.099609375 0.2041015625 0.064453125 0.1025390625 0.0439453125 0.091796875 0.046875 0.1884765625
6 0.228515625 0.2685546875 0.234375 0.2236328125 0.197265625 0.1513671875 0.18359375 0.0654296875 0.1669921875 0.05859375 0.173828125 0.1845703125
6 0.13671875 0.1005859375 0.138671875 0.0048828125 0.1064453125 0 0.11328125 0.0751953125
4 0.95703125 0.9990234375 0.943359375 0.7080078125 0.916015625 0.7138671875 0.9140625 0.6767578125 0.9013671875 0.689453125 0.8955078125 0.671875 0.8681640625 0.671875 0.8662109375 0.6875 0.8603515625 0.671875 0.8134765625 0.671875 0.8193359375 0.685546875 0.7724609375 0.689453125 0.7626953125 0.673828125 0.7568359375 0.6875 0.7080078125 0.689453125 0.71484375 0.7001953125 0.6826171875 0.7265625 0.6256301258712125 0.7099148063198535 0.6030643751692644 0.7446473508792126 0.68359375 0.7646484375 0.6065361004333676 0.7255444116233223 0.6953125 0.7841796875 0.697265625 0.8037109375 0.66796875 0.8134765625 0.6748046875 0.873046875 0.65625 0.8720703125 0.6552734375 0.80859375 0.64453125 0.8251953125 0.646484375 0.8701171875 0.630859375 0.8779296875 0.66015625 0.9462890625 0.650390625 0.9755859375 0.6787109375 0.9921875 0.7001953125 0.9453125 0.71484375 0.9580078125 0.7041015625 0.974609375 0.7333984375 0.982421875 0.7451171875 0.970703125 0.7841796875 1 0.8740234375 1 0.8818359375 0.98046875 0.9072265625 0.9765625 0.9169921875 1
4 0.484375 0.1650390625 0.5732421875 0.1171875 0.6240234375 0.14453125 0.654296875 0.1201171875 0.6591796875 0.087890625 0.6748046875 0.115234375 0.6943359375 0.11328125 0.7109375 0.0791015625 0.689453125 0.0654296875 0.70703125 0.0615234375 0.69921875 0.0517578125 0.7138671875 0.03125 0.7197265625 0.0546875 0.7421875 0.0361328125 0.7421875 0.0009765625 0.20703125 0.0087890625 0.21484375 0.0634765625 0.255859375 0.1025390625 0.2548828125 0.1328125 0.2734375 0.1279296875 0.2744140625 0.091796875 0.3056640625 0.1015625 0.3251953125 0.130859375 0.3388671875 0.1171875 0.3642578125 0.146484375 0.4013671875 0.119140625 0.4443359375 0.154296875
4 0.28125 0.5419921875 0.298828125 0.5283203125 0.2939453125 0.515625 0.3623046875 0.529296875 0.4033203125 0.51953125 0.4130859375 0.49609375 0.4345703125 0.5 0.427734375 0.4404296875 0.4033203125 0.455078125 0.3994140625 0.4375 0.3662109375 0.435546875 0.3515625 0.4091796875 0.36328125 0.3935546875 0.3466796875 0.380859375 0.3134765625 0.37890625 0.2880859375 0.404296875 0.2470703125 0.373046875 0.1826171875 0.376953125 0.17578125 0.4130859375 0.193359375 0.4384765625 0.17578125 0.4697265625 0.19921875 0.5185546875 0.2138671875 0.49609375 0.2294921875 0.498046875 0.2529296875 0.53515625
4 0.7265625 0.3662109375 0.7939453125 0.33203125 0.7998046875 0.359375 0.8154296875 0.328125 0.833984375 0.3427734375 0.8310546875 0.181640625 0.8251953125 0.1953125 0.7998046875 0.181640625 0.6962890625 0.18359375 0.6806640625 0.169921875 0.625 0.1904296875 0.625 0.3447265625 0.6767578125 0.337890625
4 0.74609375 0.6240234375 0.796875 0.5986328125 0.791015625 0.5087890625 0.8046875 0.5029296875 0.7880859375 0.484375 0.7763671875 0.501953125 0.7548828125 0.482421875 0.6455078125 0.501953125 0.63671875 0.5986328125
4 0.533203125 0.9990234375 0.53515625 0.8818359375 0.5029296875 0.873046875 0.4423828125 0.890625 0.42578125 0.9990234375
6 1 0.9990234375 1 0.0009765625 0.9111328125 0 0.92578125 0.9951171875