2 0.40625 0.2255859375 0.42578125 0.2138671875 0.419921875 0.1669921875 0.3779296875 0.16015625 0.375 0.2177734375
2 0.333984375 0.2900390625 0.34375 0.2783203125 0.3095703125 0.25390625 0.267578125 0.2666015625
2 0.345703125 0.4326171875 0.373046875 0.4052734375 0.3388671875 0.390625 0.3203125 0.4248046875
2 0.57421875 0.4423828125 0.5966796875 0.4375 0.599609375 0.4208984375 0.5595703125 0.408203125 0.541015625 0.4228515625
2 0.330078125 0.5009765625 0.345703125 0.4951171875 0.3408203125 0.474609375 0.302734375 0.4853515625
2 0.30859375 0.3642578125 0.3408203125 0.35546875 0.34375 0.3408203125 0.265625 0.3408203125 0.2802734375 0.361328125
2 0.533203125 0.1806640625 0.5576171875 0.17578125 0.5625 0.1591796875 0.5146484375 0.15625 0.509765625 0.1748046875
2 0.57421875 0.3330078125 0.6015625 0.3095703125 0.5517578125 0.298828125 0.544921875 0.3173828125
2 0.642578125 0.6083984375 0.66015625 0.5986328125 0.65625 0.5791015625 0.6142578125 0.578125 0.623046875 0.6025390625
2 0.412109375 0.5322265625 0.4169921875 0.5078125 0.375 0.5166015625 0.3857421875 0.533203125
2 0.541015625 0.5888671875 0.552734375 0.5751953125 0.5400390625 0.564453125 0.501953125 0.5751953125
2 0.390625 0.5927734375 0.421875 0.5693359375 0.3798828125 0.564453125 0.373046875 0.5849609375
2 0.68359375 0.7998046875 0.703125 0.7763671875 0.6728515625 0.765625 0.658203125 0.7880859375
2 0.4921875 0.7822265625 0.498046875 0.7646484375 0.4697265625 0.75390625 0.46484375 0.7763671875
2 0.533203125 0.7333984375 0.5341796875 0.712890625 0.50390625 0.7177734375
2 0.609375 0.7197265625 0.623046875 0.7041015625 0.599609375 0.6728515625 0.5634765625 0.666015625 0.572265625 0.7119140625