2 0.662109375 0.4052734375 0.7021484375 0.38671875 0.70703125 0.3701171875 0.6787109375 0.353515625 0.6298828125 0.369140625 0.6328125 0.3896484375
2 0.681640625 0.5146484375 0.6787109375 0.4765625 0.63671875 0.4794921875 0.6435546875 0.501953125
2 0.26171875 0.7490234375 0.291015625 0.7041015625 0.2509765625 0.685546875 0.224609375 0.7333984375
2 0.265625 0.6240234375 0.2451171875 0.595703125 0.171875 0.5830078125 0.2080078125 0.623046875
2 0.625 0.2705078125 0.634765625 0.2529296875 0.6220703125 0.240234375 0.58984375 0.2509765625
2 0.634765625 0.3349609375 0.6484375 0.3154296875 0.6142578125 0.306640625 0.607421875 0.3271484375
2 0.80078125 0.3681640625 0.81640625 0.3486328125 0.7861328125 0.326171875 0.7734375 0.3466796875
2 0.53515625 0.6201171875 0.548828125 0.6103515625 0.544921875 0.5908203125 0.5009765625 0.583984375 0.5 0.6064453125
2 0.48046875 0.7197265625 0.498046875 0.7099609375 0.4912109375 0.6875 0.4658203125 0.673828125 0.4375 0.6806640625 0.4462890625 0.7109375
2 0.435546875 0.4501953125 0.4306640625 0.421875 0.400390625 0.4189453125 0.3994140625 0.4375
2 0.330078125 0.5205078125 0.341796875 0.4970703125 0.3115234375 0.4765625 0.30078125 0.5048828125
2 0.345703125 0.4423828125 0.365234375 0.4345703125 0.35546875 0.4150390625 0.3193359375 0.40625 0.314453125 0.4208984375
2 0.47265625 0.4443359375 0.46484375 0.3779296875 0.4384765625 0.36328125 0.423828125 0.3740234375 0.427734375 0.3916015625 0.447265625 0.4345703125
2 0.375 0.8291015625 0.38671875 0.8154296875 0.3701171875 0.791015625 0.33203125 0.7978515625