2 0.380859375 0.4697265625 0.435546875 0.4306640625 0.4423828125 0.35546875 0.3896484375 0.42578125 0.376953125 0.4150390625 0.36328125 0.4501953125
2 0.525390625 0.7802734375 0.5283203125 0.767578125 0.568359375 0.7646484375 0.580078125 0.7119140625 0.541015625 0.6240234375 0.541015625 0.5576171875 0.5234375 0.5537109375 0.5185546875 0.609375 0.5078125 0.5615234375 0.4755859375 0.552734375 0.47265625 0.6162109375 0.49609375 0.6689453125 0.5 0.7529296875
2 0.732421875 0.4931640625 0.744140625 0.4736328125 0.7060546875 0.404296875 0.69921875 0.4560546875
2 0.603515625 0.2646484375 0.615234375 0.2470703125 0.6064453125 0.203125 0.587890625 0.2314453125
2 0.630859375 0.7412109375 0.65234375 0.6533203125 0.6357421875 0.59375 0.609375 0.6572265625 0.611328125 0.7236328125
2 0.490234375 0.5380859375 0.5859375 0.5244140625 0.4736328125 0.49609375 0.4677734375 0.466796875 0.4453125 0.4697265625 0.4423828125 0.49609375 0.3994140625 0.49609375 0.3896484375 0.45703125 0.369140625 0.4580078125 0.33984375 0.5224609375
2 0.78515625 0.6787109375 0.81640625 0.6474609375 0.8134765625 0.6328125 0.818359375 0.6435546875 0.8912109504509365 0.5761944965169067 0.7763671875 0.591796875 0.7626953125 0.576171875 0.751953125 0.6630859375
2 0.681640625 0.6728515625 0.703125 0.6552734375 0.689453125 0.6103515625 0.701171875 0.5908203125 0.6875 0.5458984375 0.6728515625 0.54296875 0.65625 0.5498046875 0.65625 0.5771484375 0.666015625 0.6533203125
2 0.548828125 0.2568359375 0.556640625 0.2216796875 0.5439453125 0.21875 0.529296875 0.2509765625
2 0.431640625 0.7138671875 0.44140625 0.6728515625 0.4208984375 0.65625 0.3955078125 0.6640625 0.396484375 0.7041015625
2 0.65234375 0.8896484375 0.6875 0.8876953125 0.6689453125 0.837890625 0.65234375 0.8388671875
2 0.6484375 0.4052734375 0.6640625 0.3564453125 0.6201171875 0.328125 0.59375 0.3466796875 0.587890625 0.3740234375 0.6279296875 0.37890625
2 0.533203125 0.4912109375 0.55078125 0.4560546875 0.5400390625 0.435546875 0.521484375 0.4443359375