2 0.3359375 0.5458984375 0.4443359375 0.541015625 0.455078125 0.5283203125 0.447265625 0.4697265625 0.3876953125 0.46875 0.3212890625 0.5 0.232421875 0.5048828125 0.2958984375 0.546875
2 0.6484375 0.4423828125 0.591796875 0.4013671875 0.5966796875 0.375 0.48828125 0.3505859375 0.486328125 0.3798828125 0.5400390625 0.3984375 0.5576171875 0.4296875
2 0.3984375 0.6376953125 0.4072265625 0.625 0.3427734375 0.607421875 0.265625 0.6181640625
2 0.443359375 0.6884765625 0.455078125 0.6787109375 0.4443359375 0.650390625 0.3662109375 0.662109375 0.3515625 0.6845703125
2 0.77734375 0.6142578125 0.806640625 0.6044921875 0.7890625 0.5830078125 0.794921875 0.5576171875 0.7744140625 0.529296875 0.7392578125 0.515625 0.732421875 0.5595703125 0.74609375 0.5810546875 0.732421875 0.6025390625
2 0.50390625 0.7490234375 0.58984375 0.7080078125 0.5361328125 0.701171875 0.486328125 0.7373046875
2 0.419921875 0.8876953125 0.4453125 0.8603515625 0.4375 0.7548828125 0.3427734375 0.767578125 0.353515625 0.7998046875 0.341796875 0.8193359375 0.357421875 0.8427734375 0.3359375 0.8642578125
2 0.630859375 0.6591796875 0.646484375 0.6494140625 0.6357421875 0.638671875 0.591796875 0.6416015625
2 0.48046875 0.4267578125 0.5 0.4208984375 0.4970703125 0.404296875 0.47265625 0.4072265625
2 0.1171875 0.6787109375 0.1513671875 0.673828125 0.15625 0.6572265625 0.1123046875 0.646484375
2 0.484375 0.4677734375 0.521484375 0.4560546875 0.5009765625 0.43359375 0.4794921875 0.435546875 0.47265625 0.4599609375
2 0.556640625 0.5400390625 0.5576171875 0.51953125 0.51953125 0.5263671875