3 0.537109375 0.2900390625 0.560546875 0.2509765625 0.560546875 0.1552734375 0.552734375 0.1162109375 0.5205078125 0.111328125 0.490234375 0.1318359375 0.474609375 0.1669921875 0.470703125 0.2490234375
3 0.767578125 0.6083984375 0.77734375 0.5654296875 0.7451171875 0.552734375 0.7265625 0.5791015625
3 0.71875 0.3505859375 0.74609375 0.3330078125 0.748046875 0.3095703125 0.728515625 0.2548828125 0.6748046875 0.1953125 0.6533203125 0.2265625 0.6044921875 0.236328125 0.572265625 0.2666015625 0.5986328125 0.326171875
3 0.56640625 0.4150390625 0.62109375 0.4013671875 0.6328125 0.3447265625 0.6162109375 0.3046875 0.5634765625 0.302734375 0.513671875 0.3779296875 0.5126953125 0.408203125
3 0.423828125 0.5517578125 0.462890625 0.5107421875 0.4658203125 0.466796875 0.431640625 0.4951171875
3 0.33984375 0.6787109375 0.400390625 0.6416015625 0.3955078125 0.6015625 0.337890625 0.6376953125 0.322265625 0.6748046875
3 0.12890625 0.8271484375 0.1875 0.7919921875 0.1396484375 0.75 0.111328125 0.7587890625 0.1015625 0.7919921875
3 0.23046875 0.8056640625 0.255859375 0.7998046875 0.267578125 0.7685546875 0.2568359375 0.748046875 0.203125 0.7939453125
3 0.419921875 0.7841796875 0.4306640625 0.736328125 0.3671875 0.7373046875 0.3720703125 0.76953125
3 0.49609375 0.7763671875 0.521484375 0.7685546875 0.513671875 0.7587890625 0.5380859375 0.720703125 0.46484375 0.7197265625 0.4609375 0.7724609375
3 0.501953125 0.7568359375 0.5654296875 0.73046875 0.568359375 0.7138671875 0.4736328125 0.712890625 0.43359375 0.7373046875 0.4482421875 0.755859375
3 0.494140625 0.4033203125 0.5302734375 0.31640625 0.474609375 0.3232421875 0.470703125 0.3740234375
3 0.63671875 0.7451171875 0.6640625 0.7236328125 0.6611328125 0.6875 0.56640625 0.6962890625 0.5751953125 0.740234375
3 0.693359375 0.5283203125 0.6884765625 0.4921875 0.677734375 0.5244140625