2 0.296875 0.6416015625 0.36328125 0.6005859375 0.384765625 0.5498046875 0.388671875 0.4833984375 0.3642578125 0.447265625 0.3291015625 0.44921875 0.306640625 0.4716796875 0.28515625 0.5693359375
2 0.380859375 0.6748046875 0.388671875 0.6474609375 0.3642578125 0.640625 0.357421875 0.6650390625
2 0.443359375 0.5537109375 0.48828125 0.5244140625 0.4892578125 0.48046875 0.4326171875 0.470703125 0.40625 0.4873046875 0.400390625 0.5087890625
2 0.470703125 0.6259765625 0.486328125 0.5986328125 0.4638671875 0.58203125 0.44140625 0.6181640625
2 0.533203125 0.5888671875 0.544921875 0.5673828125 0.5185546875 0.55859375 0.513671875 0.5830078125
2 0.61328125 0.5986328125 0.625 0.5810546875 0.6044921875 0.564453125 0.59375 0.5927734375
2 0.30078125 0.4677734375 0.30078125 0.4228515625 0.2802734375 0.388671875 0.259765625 0.4658203125 0.2880859375 0.45703125
2 0.48046875 0.7548828125 0.513671875 0.7294921875 0.498046875 0.7138671875 0.501953125 0.6748046875 0.4462890625 0.666015625 0.435546875 0.6865234375 0.455078125 0.7177734375 0.439453125 0.7392578125
2 0.685546875 0.6259765625 0.736328125 0.6025390625 0.7216796875 0.564453125 0.7060546875 0.5625 0.66796875 0.6005859375 0.666015625 0.6181640625
2 0.5859375 0.4384765625 0.6015625 0.4267578125 0.5927734375 0.41796875 0.560546875 0.4169921875 0.5654296875 0.4375
2 0.251953125 0.5947265625 0.2734375 0.5712890625 0.2587890625 0.552734375 0.2421875 0.5849609375