2 0.515625 0.3837890625 0.552734375 0.3662109375 0.5419921875 0.310546875 0.4599609375 0.283203125 0.34765625 0.2900390625 0.3994140625 0.359375
2 0.30859375 0.5380859375 0.34375 0.5146484375 0.3466796875 0.421875 0.2900390625 0.44140625 0.2626953125 0.427734375 0.2421875 0.4638671875 0.251953125 0.5048828125
2 0.40625 0.7451171875 0.4375 0.7080078125 0.3837890625 0.6640625 0.373046875 0.6748046875 0.390625 0.7041015625 0.3828125 0.7197265625
2 0.3515625 0.3876953125 0.361328125 0.3603515625 0.3369140625 0.3515625 0.32421875 0.3798828125
2 0.5 0.4404296875 0.525390625 0.4169921875 0.4912109375 0.39453125 0.474609375 0.4306640625
2 0.404296875 0.4814453125 0.4140625 0.4560546875 0.3798828125 0.439453125 0.37890625 0.4794921875
2 0.4375 0.5341796875 0.4365234375 0.51171875 0.41015625 0.5166015625 0.4169921875 0.533203125
2 0.42578125 0.6181640625 0.4375 0.5986328125 0.4091796875 0.591796875 0.404296875 0.6123046875
2 0.490234375 0.5048828125 0.5234375 0.4833984375 0.517578125 0.4306640625 0.4775390625 0.421875 0.4453125 0.4404296875
2 0.546875 0.6259765625 0.5419921875 0.603515625 0.51953125 0.6181640625
2 0.576171875 0.2900390625 0.611328125 0.2763671875 0.5986328125 0.263671875 0.546875 0.2646484375 0.5517578125 0.2890625
2 0.4296875 0.2724609375 0.44921875 0.2529296875 0.4052734375 0.23828125 0.40625 0.2626953125