3 0.376953125 0.4189453125 0.400390625 0.3994140625 0.376953125 0.3681640625 0.396484375 0.3564453125 0.380859375 0.3330078125 0.40234375 0.3251953125 0.375 0.2998046875 0.3671875 0.2509765625 0.3232421875 0.232421875 0.3046875 0.2451171875 0.314453125 0.3408203125 0.333984375 0.3544921875 0.34765625 0.4033203125
3 0.25390625 0.4697265625 0.25390625 0.3759765625 0.2060546875 0.373046875 0.232421875 0.4501953125
3 0.599609375 0.2099609375 0.6142578125 0.189453125 0.6728515625 0.189453125 0.689453125 0.1748046875 0.6279296875 0.162109375 0.6123046875 0.1875 0.57421875 0.1904296875 0.5830078125 0.2109375
3 0.46875 0.5009765625 0.494140625 0.4892578125 0.48828125 0.4091796875 0.4482421875 0.392578125 0.3818359375 0.412109375 0.384765625 0.4404296875
3 0.564453125 0.6435546875 0.572265625 0.6357421875 0.556640625 0.6279296875 0.576171875 0.6240234375 0.5712890625 0.6015625 0.5908203125 0.623046875 0.630859375 0.6025390625 0.6220703125 0.583984375 0.59375 0.5791015625 0.5908203125 0.55859375 0.52734375 0.5751953125 0.54296875 0.6259765625
3 0.3125 0.8056640625 0.298828125 0.7919921875 0.3095703125 0.7734375 0.3681640625 0.779296875 0.392578125 0.7470703125 0.390625 0.6357421875 0.3134765625 0.609375 0.3095703125 0.59375 0.2890625 0.5947265625 0.30859375 0.6005859375 0.2958984375 0.609375 0.2177734375 0.611328125 0.1953125 0.6279296875 0.208984375 0.6806640625 0.2578125 0.7568359375
3 0.4765625 0.6630859375 0.4931640625 0.61328125 0.435546875 0.6279296875 0.4423828125 0.6484375
3 0.494140625 0.8818359375 0.51953125 0.8544921875 0.5029296875 0.794921875 0.490234375 0.7998046875
3 0.455078125 0.9130859375 0.4638671875 0.787109375 0.404296875 0.8193359375 0.427734375 0.8701171875 0.40234375 0.8916015625
3 0.69140625 0.8662109375 0.728515625 0.8408203125 0.7275390625 0.82421875 0.6689453125 0.810546875 0.6455078125 0.775390625 0.6416015625 0.794921875 0.607421875 0.7900390625 0.65234375 0.8251953125 0.6533203125 0.849609375
3 0.65234375 0.8173828125 0.6513671875 0.775390625 0.6064453125 0.74609375 0.5703125 0.7509765625 0.5849609375 0.78515625
3 0.7109375 0.7646484375 0.6982421875 0.72265625 0.65625 0.7294921875 0.6650390625 0.76171875