7 0.734375 0.6259765625 0.779296875 0.5869140625 0.7548828125 0.5546875 0.708984375 0.5712890625 0.705078125 0.6064453125
7 0.8515625 0.3369140625 0.861328125 0.3017578125 0.8408203125 0.279296875 0.810546875 0.3056640625
7 0.439453125 0.4736328125 0.4794921875 0.458984375 0.482421875 0.4384765625 0.4228515625 0.419921875 0.37109375 0.4462890625 0.3837890625 0.466796875
7 0.6015625 0.5751953125 0.638671875 0.5419921875 0.6181640625 0.515625 0.57421875 0.5380859375 0.580078125 0.5712890625
7 0.6015625 0.4931640625 0.609375 0.4677734375 0.564453125 0.4443359375 0.5556640625 0.408203125 0.5244140625 0.396484375 0.505859375 0.4677734375
7 0.220703125 0.5615234375 0.228515625 0.5498046875 0.2021484375 0.517578125 0.15234375 0.5322265625 0.1572265625 0.560546875
7 0.3046875 0.5615234375 0.330078125 0.5517578125 0.3212890625 0.525390625 0.251953125 0.5244140625 0.2548828125 0.560546875
7 0.224609375 0.6533203125 0.224609375 0.6142578125 0.1708984375 0.59375 0.16015625 0.6201171875 0.171875 0.6396484375
7 0.244140625 0.4541015625 0.263671875 0.4482421875 0.236328125 0.3916015625 0.1943359375 0.388671875 0.185546875 0.4423828125
7 0.3984375 0.6728515625 0.43359375 0.6064453125 0.4091796875 0.572265625 0.39453125 0.5751953125 0.3837890625 0.619140625 0.33984375 0.6396484375 0.3486328125 0.6640625
7 0.5 0.7685546875 0.4931640625 0.72265625 0.4462890625 0.720703125 0.419921875 0.7412109375
7 0.65234375 0.6826171875 0.673828125 0.6689453125 0.6591796875 0.6328125 0.60546875 0.6455078125 0.6044921875 0.6796875
7 0.5703125 0.9462890625 0.6689453125 0.908203125 0.720703125 0.8623046875 0.5771484375 0.876953125 0.556640625 0.9306640625
7 0.7734375 0.1474609375 0.8125 0.1162109375 0.7353515625 0.09375 0.734375 0.1318359375
7 0.751953125 0.3916015625 0.767578125 0.3583984375 0.7275390625 0.3359375 0.71875 0.3837890625
7 0.810546875 0.5517578125 0.8359375 0.5302734375 0.8251953125 0.51171875 0.802734375 0.5205078125
7 0.884765625 0.5166015625 0.8896484375 0.5 0.8671875 0.5029296875
7 0.90234375 0.6083984375 0.908203125 0.5654296875 0.8837890625 0.564453125 0.869140625 0.5986328125
7 0.1171875 0.5146484375 0.15234375 0.4892578125 0.16796875 0.4384765625 0.0986328125 0.40234375 0.087890625 0.4873046875
7 0.234375 0.8173828125 0.2294921875 0.78125 0.1943359375 0.771484375 0.1650390625 0.740234375 0.140625 0.7431640625 0.1884765625 0.798828125
7 0.474609375 0.9365234375 0.482421875 0.9208984375 0.4658203125 0.91015625 0.384765625 0.8955078125 0.4169921875 0.93359375