2 0.638671875 0.5595703125 0.654296875 0.5478515625 0.6494140625 0.533203125 0.6083984375 0.50390625 0.580078125 0.5087890625 0.5869140625 0.5390625
2 0.44921875 0.5205078125 0.4462890625 0.4921875 0.4111328125 0.478515625 0.39453125 0.4873046875 0.4130859375 0.515625
2 0.267578125 0.4501953125 0.283203125 0.4267578125 0.2470703125 0.416015625 0.23828125 0.4365234375
2 0.482421875 0.3525390625 0.498046875 0.3466796875 0.498046875 0.3251953125 0.4541015625 0.310546875 0.443359375 0.3388671875
2 0.3125 0.4091796875 0.3056640625 0.376953125 0.2734375 0.3779296875 0.2861328125 0.404296875
2 0.7109375 0.3818359375 0.7119140625 0.35546875 0.6806640625 0.33984375 0.654296875 0.3466796875 0.6611328125 0.365234375
2 0.720703125 0.4970703125 0.73828125 0.4853515625 0.73046875 0.4580078125 0.748046875 0.4404296875 0.7255859375 0.4140625 0.6767578125 0.39453125 0.6640625 0.4130859375 0.6875 0.4833984375
2 0.4609375 0.4560546875 0.4619140625 0.435546875 0.408203125 0.4208984375 0.4248046875 0.453125
2 0.548828125 0.2548828125 0.5458984375 0.234375 0.5068359375 0.21484375 0.48828125 0.2216796875 0.5029296875 0.248046875
2 0.361328125 0.4580078125 0.376953125 0.4423828125 0.3310546875 0.419921875 0.326171875 0.4443359375
2 0.3359375 0.2939453125 0.3515625 0.2841796875 0.3427734375 0.255859375 0.3125 0.2744140625 0.3212890625 0.294921875
2 0.521484375 0.1748046875 0.537109375 0.1533203125 0.5029296875 0.150390625 0.498046875 0.1708984375
2 0.455078125 0.8017578125 0.48046875 0.7919921875 0.4716796875 0.767578125 0.41015625 0.7705078125 0.4130859375 0.796875