2 0.7109375 0.6435546875 0.732421875 0.6279296875 0.6943359375 0.58984375 0.65234375 0.5986328125 0.64453125 0.6220703125 0.6572265625 0.63671875
2 0.494140625 0.6904296875 0.5 0.6318359375 0.4736328125 0.603515625 0.453125 0.6416015625
2 0.515625 0.4287109375 0.6201171875 0.404296875 0.6298828125 0.390625 0.6572265625 0.421875 0.7392578125 0.421875 0.7421875 0.4091796875 0.701171875 0.3291015625 0.6181640625 0.267578125 0.5595703125 0.263671875 0.4833984375 0.224609375 0.3798828125 0.244140625 0.365234375 0.2666015625 0.39453125 0.3173828125 0.4853515625 0.4296875
2 0.388671875 0.3974609375 0.41015625 0.3720703125 0.3974609375 0.353515625 0.369140625 0.3759765625
2 0.734375 0.5693359375 0.732421875 0.5458984375 0.6904296875 0.509765625 0.681640625 0.5576171875
2 0.830078125 0.6259765625 0.822265625 0.5849609375 0.7900390625 0.568359375 0.794921875 0.6123046875
2 0.5703125 0.6279296875 0.58203125 0.6064453125 0.5732421875 0.58984375 0.537109375 0.5986328125 0.5361328125 0.625
2 0.388671875 0.6318359375 0.4228515625 0.625 0.43359375 0.5966796875 0.4111328125 0.59375 0.3994140625 0.619140625 0.3759765625 0.60546875 0.37109375 0.6220703125
2 0.607421875 0.6884765625 0.6328125 0.6708984375 0.6142578125 0.64453125 0.5859375 0.6708984375
2 0.744140625 0.7314453125 0.74609375 0.6943359375 0.6787109375 0.658203125 0.69921875 0.7138671875
2 0.642578125 0.7412109375 0.654296875 0.7373046875 0.6484375 0.7236328125 0.6259765625 0.71484375 0.625 0.7392578125
2 0.810546875 0.8017578125 0.8359375 0.7802734375 0.744140625 0.7783203125 0.7431640625 0.79296875