2 0.56640625 0.6142578125 0.619140625 0.5947265625 0.7275390625 0.380859375 0.8076171875 0.40625 0.806640625 0.3837890625 0.8984375 0.2978515625 0.8037109375 0.19140625 0.6630859375 0.126953125 0.6259765625 0.125 0.5966796875 0.080078125 0.5341796875 0.056640625 0.5009765625 0.123046875 0.3798828125 0.1875 0.2841796875 0.283203125 0.1875 0.3408203125 0.13671875 0.4189453125 0.103515625 0.5302734375 0.1142578125 0.548828125 0.2177734375 0.54296875 0.2802734375 0.55859375 0.3115234375 0.544921875 0.3818359375 0.55078125 0.3837890625 0.537109375 0.4189453125 0.52734375 0.4404296875 0.560546875 0.4501953125 0.548828125 0.4560546875 0.568359375 0.4658203125 0.552734375 0.4716796875 0.576171875 0.4921875 0.5654296875 0.474609375 0.5595703125 0.4970703125 0.537109375 0.5029296875 0.556640625 0.544921875 0.5517578125 0.546875 0.6083984375
2 0.6796875 0.6728515625 0.8740234375 0.63671875 0.90625 0.6064453125 0.8544921875 0.58203125 0.8154296875 0.595703125 0.7998046875 0.625 0.7158203125 0.626953125 0.640625 0.6513671875 0.6494140625 0.669921875
2 0.328125 0.6279296875 0.345703125 0.6201171875 0.3349609375 0.6015625 0.26953125 0.6044921875 0.2802734375 0.625
2 0.412109375 0.9052734375 0.455078125 0.8818359375 0.4345703125 0.865234375 0.373046875 0.8798828125 0.3818359375 0.90234375
2 0.44921875 0.7041015625 0.4892578125 0.697265625 0.49609375 0.6748046875 0.4111328125 0.66015625 0.37109375 0.6767578125 0.3818359375 0.697265625 0.4248046875 0.689453125
2 0.185546875 0.7841796875 0.1787109375 0.755859375 0.142578125 0.7568359375
2 0.615234375 0.8623046875 0.6591796875 0.853515625 0.6865234375 0.8125 0.7236328125 0.810546875 0.73828125 0.7900390625 0.6806640625 0.77734375 0.6748046875 0.75 0.6689453125 0.765625 0.6455078125 0.75 0.6005859375 0.75 0.587890625 0.8271484375
2 0.94921875 0.6005859375 0.951171875 0.5419921875 0.8701171875 0.4609375 0.8671875 0.4833984375 0.853515625 0.4853515625 0.853515625 0.5732421875 0.9072265625 0.6015625
2 0.201171875 0.5908203125 0.220703125 0.5849609375 0.2099609375 0.564453125 0.154296875 0.5634765625 0.1611328125 0.583984375
2 0.240234375 0.6865234375 0.248046875 0.6591796875 0.2099609375 0.646484375 0.205078125 0.6748046875
2 0.779296875 0.4990234375 0.810546875 0.4833984375 0.8125 0.4169921875 0.7275390625 0.423828125 0.71484375 0.4404296875 0.720703125 0.4892578125
2 0.400390625 0.8017578125 0.4052734375 0.78125 0.373046875 0.7822265625 0.3779296875 0.80078125