7 0.322265625 0.2060546875 0.333984375 0.1923828125 0.3193359375 0.17578125 0.28515625 0.1865234375
7 0.279296875 0.2822265625 0.31640625 0.2646484375 0.2919921875 0.2421875 0.25390625 0.2666015625
7 0.244140625 0.5341796875 0.265625 0.5205078125 0.238541565703434 0.3278568161669032 0.1845703125 0.439453125 0.173828125 0.4755859375 0.220703125 0.4853515625 0.203125 0.5244140625
7 0.515625 0.5517578125 0.5517578125 0.541015625 0.56640625 0.5048828125 0.5341796875 0.484375 0.4892578125 0.482421875 0.462890625 0.5107421875 0.4814453125 0.5390625
7 0.634765625 0.8056640625 0.72265625 0.7119140625 0.6875 0.6689453125 0.6884765625 0.638671875 0.6826171875 0.65625 0.6806640625 0.634765625 0.626953125 0.6240234375 0.634765625 0.5791015625 0.6025390625 0.55078125 0.5595703125 0.541015625 0.529296875 0.5947265625 0.59765625 0.6298828125 0.57421875 0.6416015625 0.59375 0.6513671875 0.572265625 0.6689453125 0.591796875 0.6767578125 0.572265625 0.6845703125 0.587890625 0.6923828125 0.5703125 0.7001953125 0.611328125 0.7880859375
7 0.72265625 0.3369140625 0.748046875 0.2978515625 0.7392578125 0.255859375 0.7001953125 0.27734375 0.6240234375 0.248046875 0.5673828125 0.24609375 0.53125 0.2666015625 0.529296875 0.2958984375 0.5439453125 0.30859375 0.6025390625 0.3125 0.6435546875 0.279296875
7 0.748046875 0.6103515625 0.76171875 0.5615234375 0.810546875 0.5361328125 0.806640625 0.4853515625 0.7958984375 0.470703125 0.7724609375 0.484375 0.734375 0.4658203125 0.73046875 0.4287109375 0.75390625 0.4130859375 0.7353515625 0.390625 0.6787109375 0.37890625 0.6259765625 0.3984375 0.626953125 0.4462890625 0.689453125 0.5107421875 0.673828125 0.5654296875
7 0.927734375 0.4951171875 0.8935546875 0.34375 0.8544921875 0.345703125 0.8583984375 0.359375 0.7509765625 0.361328125 0.73046875 0.3818359375 0.75390625 0.4052734375 0.7265625 0.4326171875 0.7255859375 0.466796875 0.7724609375 0.484375 0.8056640625 0.4765625
7 0.8671875 0.7216796875 0.876953125 0.6884765625 0.8525390625 0.65625 0.7919921875 0.640625 0.767578125 0.6572265625 0.7998046875 0.712890625
7 0.7578125 0.7236328125 0.78515625 0.7041015625 0.7705078125 0.677734375 0.7392578125 0.69921875 0.705078125 0.6845703125 0.7314453125 0.720703125
7 0.755859375 0.9794921875 0.744140625 0.8876953125 0.705078125 0.8798828125 0.7265625 0.8310546875 0.6728515625 0.83203125 0.66015625 0.8505859375 0.673828125 0.8818359375 0.73046875 0.9736328125
7 0.49609375 0.8466796875 0.529296875 0.8349609375 0.3662109375 0.7421875 0.2978515625 0.720703125 0.27734375 0.7275390625 0.3994140625 0.80078125 0.4267578125 0.83203125
7 0.33203125 0.5498046875 0.34375 0.5439453125 0.3369140625 0.52734375 0.314453125 0.5400390625
7 0.443359375 0.5908203125 0.466796875 0.5712890625 0.4501953125 0.546875 0.4091796875 0.537109375 0.388671875 0.5478515625 0.3896484375 0.576171875
7 0.515625 0.7333984375 0.5048828125 0.677734375 0.4482421875 0.673828125 0.4130859375 0.6328125 0.392578125 0.6337890625 0.392578125 0.6650390625 0.4111328125 0.685546875
7 0.15625 0.3818359375 0.1455078125 0.353515625 0.095703125 0.3701171875
7 0.111328125 0.4892578125 0.142578125 0.4560546875 0.1005859375 0.435546875 0.09375 0.4599609375
7 0.41015625 0.1083984375 0.4609375 0.0693359375 0.4482421875 0.04296875 0.390625 0.0732421875 0.390625 0.0986328125
7 0.306640625 0.1513671875 0.353515625 0.1279296875 0.3193359375 0.123046875 0.294921875 0.1455078125
7 0.587890625 0.1728515625 0.630859375 0.1552734375 0.5458984375 0.103515625 0.529296875 0.1435546875 0.53515625 0.1708984375
7 0.16015625 0.5537109375 0.1689453125 0.533203125 0.13671875 0.5361328125
7 0.208984375 0.6591796875 0.21484375 0.6435546875 0.1611328125 0.607421875
7 0.720703125 0.8896484375 0.8388671875 0.8359375 0.8671875 0.7841796875 0.8525390625 0.794921875 0.8113632558682309 0.8054292376110195 0.6982421875 0.78125 0.6748046875 0.79296875 0.6689453125 0.78125 0.64453125 0.8173828125 0.6533203125 0.828125 0.666015625 0.8193359375 0.6689453125 0.8515625 0.7138671875 0.84375 0.701171875 0.8779296875
7 0.44140625 0.3408203125 0.482421875 0.3056640625 0.4716796875 0.2734375 0.42578125 0.2939453125 0.42578125 0.3388671875
7 0.38671875 0.2705078125 0.396484375 0.2470703125 0.3759765625 0.2265625 0.3671875 0.2431640625
7 0.58984375 0.8955078125 0.6396484375 0.890625 0.64453125 0.8779296875 0.5927734375 0.861328125 0.578125 0.8720703125