3 0.326171875 0.3095703125 0.3037109375 0.248046875 0.25390625 0.2744140625
3 0.271484375 0.3935546875 0.287109375 0.3701171875 0.2744140625 0.353515625 0.2529296875 0.35546875 0.244140625 0.3798828125
3 0.419921875 0.4384765625 0.447265625 0.4228515625 0.4638671875 0.375 0.380859375 0.3818359375 0.396484375 0.4306640625
3 0.33203125 0.5361328125 0.37109375 0.5244140625 0.373046875 0.4873046875 0.3486328125 0.46875 0.3017578125 0.48046875 0.271484375 0.5146484375
3 0.568359375 0.5478515625 0.5693359375 0.46875 0.5029296875 0.478515625 0.4482421875 0.44140625 0.421875 0.4560546875 0.4638671875 0.537109375
3 0.224609375 0.6142578125 0.4418945312499999 0.70068359375 0.302734375 0.5751953125 0.2392578125 0.533203125 0.2177734375 0.541015625 0.1875 0.5849609375 0.1962890625 0.60546875
3 0.73046875 0.5654296875 0.75390625 0.5517578125 0.7412109375 0.515625 0.716796875 0.5224609375
3 0.77734375 0.9990234375 0.783203125 0.9716796875 0.7412109375 0.955078125 0.71484375 0.9775390625 0.7314453125 1
3 0.18359375 0.4189453125 0.185546875 0.3017578125 0.1533203125 0.298828125 0.1171875 0.3173828125 0.115234375 0.3662109375 0.130859375 0.3935546875 0.12109375 0.3955078125
3 1 0.9990234375 1 0.8837890625 0.9892578125 0.8671875 0.9814453125 0.880859375 0.9833984375 0.869140625 0.9423828125 0.865234375 0.8740234375 0.869140625 0.779296875 0.9931640625
3 0.591796875 0.7509765625 0.591796875 0.6728515625 0.55859375 0.6591796875 0.556640625 0.6103515625 0.5322265625 0.623046875 0.5087890625 0.609375 0.517578125 0.6474609375