3 0.361328125 0.5541992187500001 0.2646484375 0.396484375 0.2041015625 0.396484375 0.1787109375 0.373046875 0.14453125 0.4189453125 0.1455078125 0.439453125 0.1650390625 0.427734375 0.1943359375 0.44921875
3 0.458984375 0.5087890625 0.46484375 0.4814453125 0.4501953125 0.46875 0.439453125 0.4814453125
3 0.390625 0.5166015625 0.3984375 0.5087890625 0.37890625 0.5048828125 0.4130859375 0.501953125 0.43359375 0.4677734375 0.4052734375 0.439453125 0.3779296875 0.48046875 0.34765625 0.4853515625 0.3505859375 0.5078125
3 0.51953125 0.7841796875 0.533203125 0.7763671875 0.50390625 0.7685546875 0.537109375 0.7451171875 0.51953125 0.7392578125 0.5478515625 0.736328125 0.552734375 0.7216796875 0.53515625 0.7158203125 0.580078125 0.6904296875 0.5546875 0.6884765625 0.5390625 0.5791015625 0.51953125 0.5751953125 0.5537109375 0.462890625 0.5263671875 0.4921875 0.5029296875 0.490234375 0.4970703125 0.474609375 0.4873046875 0.4921875 0.4716796875 0.470703125 0.4658203125 0.49609375 0.4345703125 0.490234375 0.35546875 0.5478515625 0.314453125 0.6201171875 0.31640625 0.7021484375 0.30078125 0.7392578125 0.3779296875 0.783203125
3 0.224609375 0.7275390625 0.224609375 0.6611328125 0.1943359375 0.646484375 0.173828125 0.6787109375
3 0.65234375 0.2841796875 0.6875 0.2705078125 0.6806640625 0.24609375 0.62109375 0.2529296875 0.623046875 0.2822265625
3 0.9140625 0.4248046875 0.94140625 0.4111328125 0.94140625 0.3857421875 0.91015625 0.3076171875 0.8662109375 0.251953125 0.837890625 0.2958984375 0.83984375 0.3330078125 0.86328125 0.4111328125
3 0.740234375 0.4365234375 0.791015625 0.4130859375 0.8046875 0.3642578125 0.802734375 0.3447265625 0.7490234375 0.302734375 0.7197265625 0.328125 0.6728515625 0.328125 0.6484375 0.3779296875 0.6572265625 0.41796875
3 0.708984375 0.6025390625 0.8203125 0.5537109375 0.8212890625 0.48828125 0.7783203125 0.49609375 0.7626953125 0.5234375 0.7509765625 0.501953125 0.728515625 0.5166015625 0.748046875 0.5341796875 0.703125 0.5908203125
3 0.865234375 0.5322265625 0.9306640625 0.455078125 0.8662109375 0.451171875 0.84765625 0.4638671875 0.837890625 0.4873046875
3 0.69140625 0.7333984375 0.8125 0.6474609375 0.822265625 0.6259765625 0.8095703125 0.609375 0.7822265625 0.623046875 0.7841796875 0.611328125 0.7158203125 0.603515625 0.666015625 0.6376953125 0.654296875 0.6748046875