10 0.24609375 0.8154296875 0.2216796875 0.7734375 0.20703125 0.7783203125 0.205078125 0.7529296875 0.23828125 0.7080078125 0.26171875 0.6103515625 0.2373046875 0.578125 0.2255859375 0.583984375 0.177734375 0.5537109375 0.19140625 0.5498046875 0.19140625 0.5263671875 0.130859375 0.4619140625 0.126953125 0.4248046875 0.0966796875 0.40234375 0.029296875 0.4794921875 0.07421875 0.5498046875 0.0703125 0.6005859375 0.091796875 0.6416015625 0.109375 0.7451171875 0.1611328125 0.7890625
10 0.630859375 0.7138671875 0.654296875 0.6591796875 0.7080078125 0.59375 0.5888671875 0.611328125 0.572265625 0.6337890625 0.5625 0.6591796875 0.5986328125 0.671875 0.6015625 0.7060546875
10 0.26953125 0.2705078125 0.28125 0.2001953125 0.2529296875 0.1640625 0.2265625 0.1904296875 0.23828125 0.2158203125 0.1953125 0.2294921875
10 0.40234375 0.4990234375 0.435546875 0.4736328125 0.4345703125 0.455078125 0.4033203125 0.453125 0.369140625 0.4912109375
10 0.41015625 0.4384765625 0.45703125 0.4091796875 0.4580078125 0.380859375 0.4091796875 0.375 0.373046875 0.4013671875 0.373046875 0.4189453125
10 0.53125 0.8134765625 0.5703125 0.7744140625 0.5283203125 0.7578125 0.5166015625 0.720703125 0.439453125 0.7412109375 0.4482421875 0.7734375 0.5048828125 0.8125
10 0.302734375 0.9189453125 0.3720703125 0.90625 0.373046875 0.8837890625 0.3447265625 0.85546875 0.2373046875 0.806640625 0.263671875 0.8681640625 0.25390625 0.9013671875
10 0.27734375 0.7646484375 0.326171875 0.7470703125 0.3037109375 0.6484375 0.25390625 0.6591796875 0.2578125 0.7373046875 0.2734375 0.7412109375
10 0.283203125 0.4208984375 0.2724609375 0.345703125 0.2421875 0.3603515625 0.2314453125 0.388671875 0.205078125 0.3955078125 0.2216796875 0.421875
10 0.412109375 0.3037109375 0.4375 0.2666015625 0.43359375 0.2236328125 0.3564453125 0.216796875 0.3369140625 0.1953125 0.328125 0.2470703125 0.33984375 0.2861328125
10 0.677734375 0.6123046875 0.724609375 0.5830078125 0.732421875 0.5478515625 0.6318359375 0.525390625 0.6171875 0.5634765625 0.626953125 0.6064453125
10 0.65625 0.8916015625 0.6552734375 0.8671875 0.623046875 0.8779296875
10 0.298828125 0.1943359375 0.33984375 0.1767578125 0.35546875 0.1025390625 0.3076171875 0.07421875 0.28515625 0.0771484375 0.29296875 0.0966796875 0.275390625 0.1572265625 0.279296875 0.1904296875
10 0.42578125 0.7412109375 0.533203125 0.6455078125 0.513671875 0.6201171875 0.537109375 0.6064453125 0.537109375 0.5654296875 0.5234375 0.5322265625 0.4970703125 0.517578125 0.4462890625 0.533203125 0.3828125 0.6064453125 0.396484375 0.6416015625 0.376953125 0.6650390625 0.376953125 0.7041015625