10 0.662109375 0.5185546875 0.6865234375 0.49609375 0.7099609375 0.5078125 0.7392578125 0.490234375 0.7998046875 0.509765625 0.828125 0.4716796875 0.814453125 0.4423828125 0.818359375 0.4169921875 0.837890625 0.4150390625 0.83203125 0.3876953125 0.7578125 0.3251953125 0.703125 0.2314453125 0.6083984375 0.126953125 0.4990234375 0.044921875 0.4736328125 0.041015625 0.3828125 0.1357421875 0.310546875 0.3173828125 0.30078125 0.4111328125 0.326171875 0.4345703125 0.30859375 0.4404296875 0.4013671875 0.4921875 0.4716796875 0.484375 0.5380859375 0.49609375 0.5791015625 0.48046875 0.5888671875 0.501953125 0.5927734375 0.443359375 0.615234375 0.4892578125
10 0.6152152149444587 0.7359642147393727 0.5859375 0.6220703125 0.59765625 0.5654296875 0.5498046875 0.50390625 0.4814453125 0.4921875 0.458984375 0.5498046875 0.474609375 0.6083984375
10 0.689453125 0.5810546875 0.7470703125 0.560546875 0.74609375 0.5263671875 0.7197265625 0.51953125 0.6689453125 0.54296875 0.658203125 0.5791015625
10 0.1934101967323154 0.6421864504244172 0.2060546875 0.560546875 0.24548488379886257 0.5918241018203754 0.240234375 0.5576171875 0.228515625 0.5087890625 0.244140625 0.4873046875 0.2451171875 0.439453125 0.19921875 0.4638671875
10 0.208984375 0.6943359375 0.2109375 0.6552734375 0.1767578125 0.654296875 0.162109375 0.6923828125
10 0.1015625 0.7880859375 0.185546875 0.7470703125 0.162109375 0.7255859375 0.1650390625 0.689453125 0.126953125 0.7041015625 0.125 0.7470703125 0.09375 0.7724609375
10 0.484375 0.7080078125 0.501953125 0.6923828125 0.4921875 0.6474609375 0.4716796875 0.625 0.4287109375 0.6171875 0.40625 0.6767578125 0.4140625 0.6962890625
10 0.431640625 0.5791015625 0.431640625 0.5302734375 0.3603515625 0.484375 0.3212890625 0.486328125 0.2734375 0.5126953125 0.2939453125 0.552734375 0.3642578125 0.548828125 0.4033203125 0.578125
10 0.775390625 0.6279296875 0.82421875 0.5947265625 0.7724609375 0.5625 0.75390625 0.5732421875 0.7054779528866959 0.6456595856356248
10 0.83984375 0.5244140625 0.873046875 0.4892578125 0.8681640625 0.44921875 0.8252498920590876 0.41642477829444036 0.822265625 0.4931640625 0.7488735254421517 0.5258322804070074
10 0.517578125 0.7880859375 0.53125 0.7568359375 0.5048828125 0.748046875 0.498046875 0.7783203125
10 0.2421875 0.7705078125 0.28515625 0.7529296875 0.203125 0.7509765625
10 0.908203125 0.5986328125 0.8837890625 0.564453125 0.83984375 0.5478515625 0.8369140625 0.587890625
10 0.830078125 0.8134765625 0.853515625 0.7958984375 0.8896484375 0.71875 0.818359375 0.7138671875 0.8046875 0.7978515625