3 0.146484375 0.4267578125 0.173828125 0.3447265625 0.1474609375 0.314453125 0.1142578125 0.3125 0.10546875 0.3935546875
3 0.4609375 0.2607421875 0.4892578125 0.240234375 0.5283203125 0.25 0.546875 0.2099609375 0.5087890625 0.1875 0.4384765625 0.17578125 0.419921875 0.2412109375
3 0.625 0.3330078125 0.66015625 0.3232421875 0.673828125 0.2763671875 0.6103515625 0.248046875 0.607421875 0.3115234375
3 0.45703125 0.4736328125 0.474609375 0.4560546875 0.4658203125 0.40625 0.421875 0.4423828125 0.4267578125 0.462890625
3 0.361328125 0.7060546875 0.375 0.6728515625 0.3466796875 0.650390625 0.333984375 0.6865234375
3 0.517578125 0.4072265625 0.548828125 0.3505859375 0.55078125 0.3095703125 0.5361328125 0.294921875 0.494140625 0.3310546875 0.490234375 0.3837890625
3 0.638671875 0.3876953125 0.69140625 0.3720703125 0.6640625 0.3603515625 0.6494140625 0.326171875 0.6259765625 0.33203125 0.611328125 0.3564453125 0.61328125 0.3818359375
3 0.59765625 0.4755859375 0.619140625 0.4404296875 0.6005859375 0.412109375 0.576171875 0.4482421875
3 0.55078125 0.5478515625 0.578125 0.5458984375 0.5673828125 0.482421875 0.5439453125 0.486328125 0.53125 0.5068359375 0.53125 0.5380859375
3 0.470703125 0.5654296875 0.48828125 0.5439453125 0.4677734375 0.51171875 0.447265625 0.5537109375
3 0.533203125 0.6181640625 0.541015625 0.5615234375 0.5224609375 0.546875 0.505859375 0.5908203125
3 0.572265625 0.6064453125 0.587890625 0.5634765625 0.5576171875 0.544921875 0.548828125 0.5791015625
3 0.3359375 0.9111328125 0.35546875 0.8154296875 0.341796875 0.7841796875 0.3212890625 0.779296875 0.294921875 0.8017578125 0.2890625 0.8701171875
3 0.3984375 0.9150390625 0.41796875 0.8486328125 0.4013671875 0.814453125 0.373046875 0.8759765625 0.376953125 0.9033203125
3 0.11328125 0.5908203125 0.123046875 0.5595703125 0.1103515625 0.55078125
3 0.6796875 0.6591796875 0.69140625 0.6416015625 0.6650390625 0.62890625 0.65625 0.6513671875
3 0.939453125 0.7822265625 0.943359375 0.7607421875 0.8701171875 0.630859375 0.8564453125 0.654296875 0.8173828125 0.638671875 0.78515625 0.6572265625 0.8447265625 0.69921875 0.8994140625 0.767578125