7 0.63671875 0.0830078125 0.6796875 0.0771484375 0.6259765625 0.03515625 0.5625 0.0419921875 0.5791015625 0.0703125
7 0.75 0.2861328125 0.783203125 0.2666015625 0.7490234375 0.23828125 0.6943359375 0.2421875 0.673828125 0.2666015625 0.6787109375 0.279296875
7 0.46484375 0.2041015625 0.4541015625 0.162109375 0.4189453125 0.154296875 0.408203125 0.1650390625 0.4111328125 0.1796875
7 0.58203125 0.3857421875 0.60546875 0.3330078125 0.5830078125 0.2890625 0.4951171875 0.251953125 0.443359375 0.2705078125 0.5439453125 0.373046875
7 0.287109375 0.3486328125 0.310546875 0.3349609375 0.2490234375 0.310546875 0.18359375 0.3193359375 0.1982421875 0.349609375
7 0.09375 0.5771484375 0.09375 0.4990234375 0.0537109375 0.46875
7 0.759765625 0.4111328125 0.794921875 0.4013671875 0.7939453125 0.375 0.732421875 0.3779296875 0.7265625 0.3896484375
7 0.6360450367979662 0.6230834449214556 0.7197265625 0.501953125 0.728515625 0.4501953125 0.5927734375 0.46875 0.5301598662492094 0.6282933133559453
7 0.8359375 0.6240234375 0.896484375 0.5673828125 0.8173828125 0.544921875 0.751953125 0.5927734375 0.7646484375 0.611328125
7 0.45703125 0.5400390625 0.4599609375 0.5 0.400390625 0.5029296875 0.4072265625 0.53125
7 0.40234375 0.6005859375 0.4208984375 0.572265625 0.359375 0.5732421875
7 0.515625 0.7119140625 0.53515625 0.7021484375 0.5283203125 0.669921875 0.470703125 0.6904296875
7 0.25 0.6083984375 0.2578125 0.5810546875 0.2373046875 0.5703125 0.22265625 0.5908203125
7 0.3046875 0.6689453125 0.3388671875 0.654296875 0.3857421875 0.666015625 0.4140625 0.6435546875 0.416015625 0.6201171875 0.3740234375 0.62109375 0.3173828125 0.591796875 0.263671875 0.6357421875
7 0.310546875 0.7373046875 0.35546875 0.7060546875 0.2939453125 0.669921875 0.248046875 0.6962890625 0.2548828125 0.734375
7 0.765625 0.7119140625 0.80078125 0.6806640625 0.7861328125 0.6640625 0.73828125 0.6708984375 0.7421875 0.7021484375
7 0.896484375 0.7685546875 0.91015625 0.7431640625 0.8720703125 0.736328125 0.861328125 0.7548828125
7 0.779296875 0.7666015625 0.814453125 0.7490234375 0.8115234375 0.732421875 0.7529296875 0.71875 0.701171875 0.7470703125 0.7099609375 0.759765625
7 0.7265625 0.8759765625 0.7685546875 0.87109375 0.767578125 0.8427734375 0.7041015625 0.83203125 0.626953125 0.8525390625
7 0.232421875 0.7724609375 0.2431640625 0.7109375 0.208984375 0.7373046875
7 0.388671875 0.8427734375 0.396484375 0.8212890625 0.37890625 0.8115234375 0.376953125 0.7841796875 0.3388671875 0.759765625 0.3115234375 0.75390625 0.263671875 0.7822265625
7 0.462890625 0.7666015625 0.5087890625 0.763671875 0.517578125 0.7158203125 0.4736328125 0.70703125 0.4541015625 0.71875 0.4375 0.7509765625
7 0.53125 0.5986328125 0.533203125 0.5810546875 0.5166015625 0.5703125 0.501953125 0.5908203125