7 0.32421875 0.4169921875 0.34375 0.4052734375 0.3212890625 0.3828125 0.2734375 0.3994140625
7 0.548828125 0.1884765625 0.5625 0.1826171875 0.5517578125 0.162109375 0.509765625 0.1689453125 0.5126953125 0.185546875
7 0.712890625 0.2646484375 0.734375 0.2509765625 0.7080078125 0.2265625 0.662109375 0.2392578125 0.6728515625 0.259765625
7 0.919921875 0.3662109375 0.953125 0.3505859375 0.9248046875 0.30859375 0.888671875 0.3525390625
7 0.87109375 0.4189453125 0.890625 0.4072265625 0.8740234375 0.392578125 0.8359375 0.4013671875
7 0.74609375 0.5537109375 0.7783203125 0.544921875 0.787109375 0.5263671875 0.7431640625 0.521484375 0.734375 0.5478515625
7 0.53515625 0.7255859375 0.58203125 0.6943359375 0.5400390625 0.6875 0.5234375 0.7158203125
7 0.419921875 0.6591796875 0.43359375 0.6455078125 0.4169921875 0.630859375 0.3779296875 0.625 0.3671875 0.6376953125
7 0.244140625 0.6259765625 0.2431640625 0.6015625 0.21875 0.6044921875 0.2197265625 0.625
7 0.529296875 0.7919921875 0.548828125 0.7822265625 0.5400390625 0.76953125 0.50390625 0.7724609375 0.5048828125 0.791015625
7 0.5546875 0.3740234375 0.587890625 0.3544921875 0.5869140625 0.33203125 0.544921875 0.3388671875 0.4798209755983248 0.39211197060406044 0.5804987569000937 0.43379105057412
7 0.48046875 0.4541015625 0.4912109375 0.431640625 0.4375 0.4287109375 0.4462890625 0.44921875
7 0.44140625 0.2822265625 0.45703125 0.2568359375 0.4326171875 0.24609375 0.41796875 0.2626953125