3 0.62109375 0.6513671875 0.623046875 0.6123046875 0.5966796875 0.61328125 0.5859375 0.6357421875
3 0.6640625 0.7236328125 0.69140625 0.7041015625 0.6689453125 0.681640625 0.6298828125 0.6796875 0.630859375 0.7177734375
3 0.626953125 0.9990234375 0.642578125 0.9873046875 0.6494140625 0.93359375 0.6142578125 0.935546875 0.576171875 0.9814453125 0.5869140625 1
3 0.49609375 0.9052734375 0.5458984375 0.849609375 0.46484375 0.8896484375
3 0.330078125 0.9287109375 0.34375 0.9169921875 0.3310546875 0.890625 0.291015625 0.8935546875 0.2939453125 0.927734375
3 0.138671875 0.7373046875 0.158203125 0.6865234375 0.1396484375 0.6484375 0.1064453125 0.642578125 0.087890625 0.7080078125
3 0.373046875 0.7021484375 0.4140625 0.6806640625 0.40625 0.6630859375 0.421875 0.6376953125 0.3955078125 0.59765625 0.36328125 0.6181640625 0.37109375 0.6298828125 0.34765625 0.6708984375 0.34765625 0.6865234375
3 0.216796875 0.8369140625 0.267578125 0.7900390625 0.287109375 0.7509765625 0.2802734375 0.734375 0.201171875 0.8212890625
3 0.322265625 0.6474609375 0.341796875 0.5966796875 0.3056640625 0.5625 0.2646484375 0.5625 0.27734375 0.6142578125 0.3037109375 0.6484375
3 0.189453125 0.4072265625 0.09521484375000011 0.43701171875 0.1845703125 0.37890625 0.14160156250000017 0.35888671875
3 0.279296875 0.3349609375 0.33203125 0.2744140625 0.3134765625 0.244140625 0.26171875 0.2587890625 0.251953125 0.3017578125
3 0.689453125 0.9990234375 0.685546875 0.9404296875 0.6689453125 0.931640625 0.6142578125 0.935546875 0.5947265625 0.96484375 0.5390625 0.9990234375