3 0.412109375 0.4345703125 0.4453125 0.4091796875 0.4208984375 0.37109375 0.3916015625 0.375 0.375 0.3974609375 0.380859375 0.4306640625
3 0.369140625 0.2080078125 0.61279296875 0.18310546875000006 0.40625 0.1806640625 0.3876953125 0.14453125 0.349609375 0.1787109375
3 0.421875 0.2666015625 0.455078125 0.2470703125 0.4384765625 0.19921875 0.396484375 0.2255859375 0.400390625 0.2548828125
3 0.5234375 0.3017578125 0.544921875 0.2822265625 0.552734375 0.2431640625 0.5087890625 0.181640625 0.4814453125 0.185546875 0.4619140625 0.2109375 0.4267578125 0.19921875 0.3984375 0.2197265625 0.3984375 0.2548828125 0.4169921875 0.26953125 0.4658203125 0.236328125 0.48828125 0.2529296875 0.4921875 0.2841796875
3 0.12109375 0.2763671875 0.134765625 0.2373046875 0.1064453125 0.212890625 0.06640625 0.2646484375
3 0.00390625 0.6064453125 0.02734375 0.3603515625 0.0185546875 0.34375 0.009765625 0.3505859375 0.0009765625 0.232421875
3 0.083984375 0.5537109375 0.189453125 0.5205078125 0.1767578125 0.37109375 0.1337890625 0.38671875 0.1064453125 0.369140625 0.044921875 0.4091796875 0.04296875 0.5185546875 0.072265625 0.5419921875 0.0595703125 0.5546875
3 0.23828125 0.4462890625 0.255859375 0.4248046875 0.24609375 0.3798828125 0.1962890625 0.3671875 0.19921875 0.4306640625
3 0.205078125 0.5244140625 0.240234375 0.5048828125 0.2119140625 0.46875 0.1796875 0.4892578125 0.185546875 0.5205078125
3 0.232421875 0.3564453125 0.26171875 0.3408203125 0.2734375 0.3115234375 0.2392578125 0.279296875 0.22265625 0.2822265625 0.2109375 0.3251953125 0.212890625 0.3466796875
3 0.73046875 0.1923828125 0.748046875 0.1708984375 0.744140625 0.1064453125 0.6943359375 0.09375 0.673828125 0.1220703125 0.67578125 0.1474609375 0.6943359375 0.17578125
3 0.681640625 0.2548828125 0.6875 0.2197265625 0.673828125 0.1884765625 0.6220703125 0.142578125 0.59765625 0.1650390625 0.6015625 0.2021484375 0.6328125 0.2216796875 0.62109375 0.2314453125 0.6357421875 0.25 0.6474609375 0.234375
3 0.89453125 0.3349609375 0.912109375 0.3115234375 0.93359375 0.1982421875 0.8466796875 0.177734375 0.85546875 0.2119140625 0.8623046875 0.19921875 0.869140625 0.2158203125 0.8515625 0.2470703125 0.8623046875 0.23828125 0.87890625 0.2666015625