3 0.28125 0.2333984375 0.306640625 0.2216796875 0.3037109375 0.150390625 0.2470703125 0.146484375 0.203125 0.1767578125 0.2158203125 0.224609375
3 0.400390625 0.5439453125 0.4423828125 0.54296875 0.5087890625 0.5078125 0.5703125 0.4423828125 0.3115234375 0.359375 0.2197265625 0.34375 0.2158203125 0.32421875 0.150390625 0.3447265625 0.150390625 0.3818359375 0.12890625 0.4189453125 0.2001953125 0.5234375 0.2138671875 0.501953125 0.2568359375 0.5 0.3173828125 0.53125
3 0.404296875 0.3603515625 0.4404296875 0.3515625 0.453125 0.3330078125 0.435546875 0.2919921875 0.4130859375 0.3046875 0.4130859375 0.291015625 0.3427734375 0.275390625 0.3359375 0.3330078125 0.349609375 0.3388671875 0.337890625 0.3486328125
3 0.462890625 0.1630859375 0.478515625 0.1240234375 0.4521484375 0.115234375 0.44140625 0.1455078125
3 0.4453125 0.7060546875 0.4345703125 0.66796875 0.37890625 0.6728515625 0.3974609375 0.697265625
3 0.6640625 0.7197265625 0.658203125 0.6748046875 0.6318359375 0.671875 0.6171875 0.7001953125
3 0.80859375 0.5029296875 0.833984375 0.4775390625 0.8037109375 0.3984375 0.7763671875 0.40625 0.802734375 0.4130859375 0.7685546875 0.416015625 0.77734375 0.4345703125 0.7607421875 0.435546875 0.7509765625 0.3828125 0.7333984375 0.447265625 0.712890625 0.4365234375 0.7236328125 0.41796875 0.681640625 0.4091796875 0.681640625 0.4599609375 0.65625 0.4677734375 0.6708984375 0.498046875
3 1 0.5732421875 0.9990234375 0.533203125 0.884765625 0.5322265625
3 0.98046875 0.2802734375 0.9609375 0.2314453125 0.9267578125 0.21484375 0.9013671875 0.2109375 0.8984375 0.2353515625 0.87109375 0.2529296875 0.8916015625 0.279296875
3 0.80859375 0.6552734375 0.826171875 0.6396484375 0.8271484375 0.564453125 0.783203125 0.5986328125 0.763671875 0.6435546875
3 0.6796875 0.7001953125 0.7451171875 0.6640625 0.779296875 0.6083984375 0.7080078125 0.611328125 0.71875 0.6220703125 0.693359375 0.6279296875 0.666015625 0.6767578125
3 1 0.5341796875 1 0.3818359375 0.9521484375 0.376953125 0.935546875 0.3935546875 0.92578125 0.4814453125 0.90625 0.5166015625