2 0.501953125 0.4189453125 0.5390625 0.3876953125 0.5380859375 0.373046875 0.501953125 0.3740234375 0.48046875 0.4052734375
2 0.28125 0.3486328125 0.296875 0.3388671875 0.2880859375 0.310546875 0.259765625 0.3349609375
2 0.37109375 0.3408203125 0.3642578125 0.30078125 0.328125 0.3154296875 0.3466796875 0.337890625
2 0.21875 0.2998046875 0.2421875 0.2744140625 0.2001953125 0.2421875 0.1875 0.2958984375
2 0.544921875 0.5771484375 0.5673828125 0.533203125 0.580078125 0.5458984375 0.56640625 0.5224609375 0.578125 0.5166015625 0.5458984375 0.484375 0.439453125 0.4873046875 0.4580078125 0.53125 0.5244140625 0.578125
2 0.685546875 0.4794921875 0.705078125 0.4677734375 0.6826171875 0.447265625 0.642578125 0.4482421875 0.6533203125 0.4765625
2 0.466796875 0.3408203125 0.4765625 0.3173828125 0.4462890625 0.3125 0.4453125 0.3349609375
2 0.337890625 0.2197265625 0.37109375 0.1708984375 0.3583984375 0.12109375 0.3212890625 0.13671875 0.29296875 0.1767578125
2 0.283203125 0.2587890625 0.30078125 0.2431640625 0.2919921875 0.2265625 0.265625 0.2392578125
2 0.5625 0.2724609375 0.578125 0.2412109375 0.568359375 0.2001953125 0.5458984375 0.1953125 0.5390625 0.2626953125
2 0.44921875 0.1845703125 0.4501953125 0.1484375 0.416015625 0.1572265625 0.4306640625 0.18359375