2 0.4453125 0.5380859375 0.453125 0.5009765625 0.3779296875 0.4609375 0.361328125 0.4970703125
2 0.1796875 0.7099609375 0.22265625 0.6767578125 0.2138671875 0.65234375 0.1474609375 0.638671875 0.12109375 0.6552734375 0.1572265625 0.703125
2 0.3203125 0.6728515625 0.341796875 0.6513671875 0.3330078125 0.623046875 0.296875 0.6455078125
2 0.25 0.7353515625 0.255859375 0.7119140625 0.2314453125 0.705078125 0.23046875 0.7294921875
2 0.462890625 0.3564453125 0.4765625 0.3427734375 0.4677734375 0.3046875 0.44140625 0.3369140625 0.4462890625 0.35546875
2 0.166015625 0.5849609375 0.18359375 0.5595703125 0.1552734375 0.552734375 0.14453125 0.5654296875
2 0.33203125 0.5576171875 0.34375 0.5380859375 0.3212890625 0.525390625 0.310546875 0.5498046875
2 0.56640625 0.4853515625 0.578125 0.4560546875 0.5556640625 0.447265625 0.541015625 0.4736328125
2 0.494140625 0.5615234375 0.521484375 0.5185546875 0.4970703125 0.455078125 0.4765625 0.4794921875 0.478515625 0.5595703125
2 0.345703125 0.7431640625 0.34765625 0.7119140625 0.3134765625 0.708984375 0.3125 0.7294921875
2 0.28515625 0.8154296875 0.302734375 0.8056640625 0.298828125 0.7763671875 0.2666015625 0.765625