6 0.583984375 0.8193359375 0.5859375 0.6376953125 0.544921875 0.3095703125 0.513671875 0.1962890625 0.482421875 0.1435546875 0.4658203125 0.140625 0.455078125 0.1728515625 0.46484375 0.4462890625 0.51171875 0.5517578125 0.55078125 0.7841796875
6 0.685546875 0.5146484375 0.7060546875 0.44140625 0.7177734375 0.5 0.72265625 0.4560546875 0.76171875 0.4521484375 0.7734375 0.2373046875 0.7509765625 0.189453125 0.7470703125 0.2109375 0.7373046875 0.193359375 0.7099609375 0.224609375 0.6787109375 0.189453125 0.6591796875 0.205078125 0.6376953125 0.1875 0.626953125 0.2099609375 0.630859375 0.2568359375 0.650390625 0.2705078125 0.6474609375 0.32421875 0.6396484375 0.27734375 0.6328125 0.2978515625 0.6484375 0.4990234375 0.6748046875 0.4921875
6 0.806640625 0.8779296875 0.796875 0.5146484375 0.80859375 0.3271484375 0.83203125 0.2451171875 0.8369140625 0 0.7880859375 0 0.779296875 0.0302734375 0.783203125 0.2158203125 0.763671875 0.4345703125 0.779296875 0.7626953125 0.7626953125 0.734375 0.74609375 0.7724609375 0.7490234375 0.7890625 0.78125 0.7939453125 0.76171875 0.7978515625 0.77734375 0.8095703125 0.76171875 0.8173828125 0.791015625 0.8388671875 0.775390625 0.8466796875 0.79296875 0.8583984375 0.771484375 0.8623046875
4 0.0390625 0.2275390625 0.083984375 0.1416015625 0.0732421875 0.109375 0.033203125 0.1669921875 0.021484375 0.2158203125
4 0.3984375 0.3310546875 0.40234375 0.1962890625 0.3837890625 0.1875 0.375 0.3056640625
4 0.3359375 0.0400390625 0.3583984375 0 0.322265625 0.0009765625 0.3203125 0.0302734375
4 0.34375 0.7744140625 0.359375 0.7451171875 0.357421875 0.6962890625 0.34375 0.6318359375 0.3232421875 0.625 0.3203125 0.7177734375 0.328125 0.7626953125
4 0.236328125 0.3427734375 0.2724609375 0.333984375 0.279296875 0.3154296875 0.2236328125 0.310546875 0.216796875 0.3369140625
4 0.060546875 0.5595703125 0.0615234375 0.52734375 0.04296875 0.5517578125
4 0.109375 0.5341796875 0.123046875 0.4697265625 0.1025390625 0.4609375 0.08203125 0.5185546875 0.0888671875 0.53515625
4 0.16015625 0.9990234375 0.16796875 0.7001953125 0.1611328125 0.6875 0.1513671875 0.712890625 0.1337890625 0.712890625 0.1220703125 0.6875 0.09765625 0.8251953125 0.091796875 0.9990234375
4 0.30859375 0.8251953125 0.33203125 0.8076171875 0.3193359375 0.7890625 0.283203125 0.8076171875
4 0.623046875 0.9384765625 0.623046875 0.9033203125 0.5966796875 0.88671875 0.59375 0.9345703125
4 0.271484375 0.1240234375 0.2802734375 0.04296875 0.25 0.1103515625