3 0.306640625 0.5908203125 0.31640625 0.5048828125 0.302734375 0.3466796875 0.2802734375 0.314453125 0.2119140625 0.298828125 0.205078125 0.3271484375 0.23046875 0.4267578125 0.181640625 0.4990234375 0.19140625 0.5478515625 0.2177734375 0.5859375 0.2841796875 0.578125
3 0.578125 0.4423828125 0.6513671875 0.435546875 0.662109375 0.4091796875 0.6484375 0.3857421875 0.6640625 0.3310546875 0.64453125 0.1962890625 0.666015625 0.1396484375 0.654296875 0.1025390625 0.6181640625 0.087890625 0.5439453125 0.09765625 0.552734375 0.1181640625 0.525390625 0.1455078125 0.5234375 0.2568359375 0.56640625 0.3994140625 0.55859375 0.4287109375
3 0.84765625 0.4736328125 0.896484375 0.4658203125 0.88671875 0.4072265625 0.9306640625 0.39453125 0.935546875 0.3759765625 0.857421875 0.2529296875 0.7900390625 0.21875 0.7861328125 0.244140625 0.71484375 0.2529296875 0.720703125 0.2783203125 0.6953125 0.3212890625 0.69140625 0.4384765625 0.7900390625 0.4609375 0.8115234375 0.439453125
3 0.25390625 0.8310546875 0.30859375 0.7802734375 0.380859375 0.6728515625 0.3310546875 0.662109375 0.2958984375 0.609375 0.2294921875 0.609375 0.1767578125 0.638671875 0.1533203125 0.626953125 0.169921875 0.7392578125 0.212890625 0.8095703125
3 0.34765625 0.1845703125 0.35546875 0.1591796875 0.3271484375 0.15234375 0.326171875 0.1787109375
3 0.42578125 0.6162109375 0.5078125 0.5341796875 0.541015625 0.4580078125 0.529296875 0.4189453125 0.5390625 0.3193359375 0.505859375 0.2509765625 0.4736328125 0.2421875 0.4404296875 0.244140625 0.4287109375 0.259765625 0.3857421875 0.251953125 0.37890625 0.2685546875 0.39453125 0.2900390625 0.37109375 0.2978515625 0.359375 0.3330078125 0.3515625 0.5849609375 0.3583984375 0.599609375
3 0.7421875 0.7900390625 0.8642578125 0.703125 0.921875 0.6279296875 0.8251953125 0.61328125 0.7607421875 0.63671875 0.751953125 0.6650390625 0.69140625 0.7080078125 0.7158203125 0.7421875 0.736328125 0.7470703125 0.7314453125 0.7578125 0.7578125 0.7626953125 0.728515625 0.7685546875 0.75 0.7783203125 0.728515625 0.7841796875
3 0.837890625 0.9052734375 0.912109375 0.7822265625 0.8154296875 0.7578125 0.8271484375 0.740234375 0.7490234375 0.791015625 0.708984375 0.8486328125 0.66796875 0.8779296875 0.7138671875 0.87890625 0.7099609375 0.8671875 0.7421875 0.8720703125 0.7197265625 0.87890625 0.8251953125 0.8828125 0.8359375 0.8896484375 0.810546875 0.8935546875
3 0.927734375 0.5537109375 0.89453125 0.4462890625 0.8818359375 0.43359375 0.8486328125 0.443359375 0.8466796875 0.4296875 0.8232421875 0.42578125 0.8046875 0.4619140625 0.822265625 0.5283203125
3 0.431640625 0.2177734375 0.46484375 0.1943359375 0.462890625 0.1455078125 0.4443359375 0.119140625 0.4248046875 0.134765625 0.4189453125 0.123046875 0.4140625 0.1376953125 0.416015625 0.2080078125
3 0.57421875 0.8076171875 0.62109375 0.7939453125 0.6279296875 0.7421875 0.5234375 0.7705078125 0.5302734375 0.80078125