3 0.216796875 0.1025390625 0.1728515625 0 0.0771484375 0 0.060546875 0.0126953125 0.0869140625 0.0703125 0.1650390625 0.1015625
3 0.123046875 0.5048828125 0.1806640625 0.498046875 0.1953125 0.4677734375 0.16015625 0.3818359375 0.1640625 0.3251953125 0.185546875 0.2900390625 0.17578125 0.2060546875 0.1552734375 0.1875 0.0576171875 0.18359375 0.0498046875 0.1328125 0.0439453125 0.15625 0.029296875 0.1435546875 0.021484375 0.2529296875 0.060546875 0.3466796875 0.083984375 0.4619140625
3 0.220703125 0.1611328125 0.25 0.1455078125 0.2197265625 0.103515625 0.150390625 0.1123046875 0.1533203125 0.1484375
3 0.345703125 0.6298828125 0.3671875 0.5341796875 0.3623046875 0.501953125 0.353515625 0.5244140625 0.353515625 0.4833984375 0.384765625 0.4326171875 0.384765625 0.3564453125 0.333984375 0.2509765625 0.2978515625 0.2265625 0.26171875 0.3115234375 0.271484375 0.3935546875 0.2578125 0.5380859375 0.29296875 0.5615234375 0.3046875 0.6240234375
3 0.4296875 0.7568359375 0.421875 0.7197265625 0.3916015625 0.7109375 0.388671875 0.7490234375
3 0.625 0.2529296875 0.587890625 0.1884765625 0.4521484375 0.0703125 0.46484375 0.1005859375 0.43359375 0.1279296875 0.44921875 0.1982421875 0.5068359375 0.2109375 0.5302734375 0.234375
3 0.572265625 0.5615234375 0.580078125 0.4970703125 0.568359375 0.4658203125 0.5458984375 0.44921875 0.4794921875 0.453125 0.4921875 0.4970703125
3 0.671875 0.6787109375 0.66015625 0.6298828125 0.6064453125 0.59375 0.634765625 0.6748046875
3 0.876953125 0.8037109375 0.904296875 0.7958984375 0.8212890625 0.685546875 0.8115234375 0.703125 0.7685546875 0.712890625 0.708984375 0.7060546875 0.7138671875 0.740234375 0.7138671875 0.71484375 0.7314453125 0.728515625 0.7392578125 0.71875 0.7451171875 0.73828125 0.8056640625 0.779296875
3 0.54296875 0.8330078125 0.5791015625 0.814453125 0.609375 0.8251953125 0.59375 0.8154296875 0.62109375 0.7939453125 0.6171875 0.6767578125 0.634765625 0.6533203125 0.5830078125 0.583984375 0.4716796875 0.505859375 0.427734375 0.7529296875 0.45703125 0.7919921875 0.4521484375 0.8046875 0.5126953125 0.833984375 0.5205078125 0.818359375 0.5263671875 0.833984375
3 0.744140625 0.9267578125 0.7373046875 0.892578125 0.681640625 0.8876953125 0.6923828125 0.91796875
3 0.326171875 0.7724609375 0.30078125 0.7001953125 0.2431640625 0.6875 0.30859375 0.7705078125
3 0.6484375 0.4306640625 0.66015625 0.3642578125 0.6025390625 0.3515625 0.603515625 0.4130859375