2 0.703125 0.8974609375 0.8046875 0.7998046875 0.873046875 0.6552734375 0.875 0.6181640625 0.92578125 0.5830078125 0.935546875 0.5361328125 0.876953125 0.5029296875 0.806640625 0.3701171875 0.7412109375 0.30078125 0.7197265625 0.30078125 0.703125 0.3427734375 0.6708984375 0.361328125 0.611328125 0.3427734375 0.640625 0.3349609375 0.62890625 0.3251953125 0.6376953125 0.3125 0.603515625 0.3134765625 0.6103515625 0.349609375 0.5810546875 0.353515625 0.5732421875 0.328125 0.5712890625 0.353515625 0.5400390625 0.34375 0.5341796875 0.365234375 0.5283203125 0.328125 0.5205078125 0.369140625 0.5146484375 0.341796875 0.501953125 0.3662109375 0.4931640625 0.328125 0.48046875 0.3642578125 0.5078125 0.3759765625 0.5029296875 0.392578125 0.5205078125 0.375 0.53515625 0.3974609375 0.5087890625 0.41015625 0.474609375 0.3935546875 0.498046875 0.4501953125 0.4794921875 0.453125 0.490234375 0.4677734375 0.4755859375 0.470703125 0.4560546875 0.453125 0.462890625 0.4658203125 0.44921875 0.4716796875 0.462890625 0.4755859375 0.447265625 0.4990234375 0.4560546875 0.48828125 0.4677734375 0.5078125 0.4716796875 0.48828125 0.4990234375 0.494140625 0.484375 0.4833984375 0.4931640625 0.474609375 0.50390625 0.5009765625 0.482421875 0.5029296875 0.501953125 0.5068359375 0.498046875 0.5439453125 0.4833984375 0.52734375 0.4794921875 0.5390625 0.4375 0.5283203125 0.4375 0.4697265625 0.4189453125 0.45703125 0.404296875 0.5361328125 0.37890625 0.5498046875 0.396484375 0.6142578125 0.4580078125 0.65625 0.4951171875 0.658203125 0.6025390625 0.716796875 0.62109375 0.7373046875 0.607421875 0.7978515625
2 0.1953125 0.6787109375 0.2138671875 0.658203125 0.2197265625 0.671875 0.265625 0.6552734375 0.287109375 0.6123046875 0.28515625 0.5751953125 0.2705078125 0.578125 0.26953125 0.5654296875 0.2939453125 0.556640625 0.2607421875 0.560546875 0.2568359375 0.578125 0.2529296875 0.564453125 0.2314453125 0.568359375 0.2060546875 0.59765625 0.1708984375 0.583984375 0.138671875 0.6005859375 0.14453125 0.6611328125
2 0.677734375 0.3720703125 0.740234375 0.3017578125 0.669921875 0.1943359375 0.5908203125 0.134765625 0.4912109375 0.09765625 0.4169921875 0.09765625 0.3544921875 0.126953125 0.30859375 0.1298828125 0.3359375 0.1513671875 0.33984375 0.1806640625 0.310546875 0.2529296875 0.322265625 0.2607421875 0.310546875 0.2724609375 0.32421875 0.2802734375 0.310546875 0.2861328125 0.322265625 0.2861328125 0.3251953125 0.3203125 0.3408203125 0.328125 0.3466796875 0.314453125 0.3583984375 0.333984375 0.3623046875 0.3046875 0.3837890625 0.349609375 0.4189453125 0.3203125 0.4267578125 0.341796875 0.4951171875 0.365234375
2 0.12109375 0.4580078125 0.140625 0.4072265625 0.1123046875 0.37109375 0.095703125 0.4111328125
2 0.3984375 0.9052734375 0.423828125 0.8505859375 0.3876953125 0.71484375 0.37890625 0.7333984375 0.3671875 0.6513671875 0.3447265625 0.63671875 0.328125 0.6923828125 0.345703125 0.8564453125 0.3818359375 0.90625
2 0.216796875 0.4091796875 0.224609375 0.3779296875 0.2021484375 0.373046875 0.197265625 0.3994140625
2 0.328125 0.4755859375 0.34375 0.4111328125 0.3359375 0.3798828125 0.3134765625 0.373046875 0.302734375 0.3779296875 0.30078125 0.4599609375
2 0.234375 0.1865234375 0.251953125 0.1669921875 0.2490234375 0.140625 0.21875 0.1630859375 0.216796875 0.1865234375
2 0.47265625 0.9384765625 0.5234375 0.8857421875 0.4814453125 0.84765625 0.453125 0.8779296875
2 0.52734375 0.7900390625 0.5478515625 0.7890625 0.5625 0.7666015625 0.5537109375 0.6953125 0.5078125 0.7275390625 0.5078125 0.7802734375
2 0.279296875 0.7451171875 0.318359375 0.7314453125 0.3134765625 0.703125 0.2880859375 0.701171875 0.2099609375 0.6484375 0.1826171875 0.671875 0.154296875 0.6611328125 0.2001953125 0.740234375 0.2490234375 0.732421875