3 0.435546875 0.3662109375 0.4560546875 0.3125 0.6298828125 0.32421875 0.677734375 0.2412109375 0.68359375 0.1982421875 0.5146484375 0.08984375 0.5 0.0908203125 0.513671875 0.0966796875 0.5068359375 0.115234375 0.4658203125 0.111328125 0.4189453125 0.12890625 0.388671875 0.1611328125 0.375 0.2548828125 0.384765625 0.3330078125 0.4052734375 0.361328125 0.4091796875 0.3515625
3 0.3203125 0.2783203125 0.3125 0.2216796875 0.2724609375 0.162109375 0.1279296875 0.150390625 0.14453125 0.1396484375 0.1337890625 0.1328125 0.0859375 0.1806640625 0.0888671875 0.197265625 0.140625 0.2216796875 0.1435546875 0.25 0.1787109375 0.265625
3 0.078125 0.3974609375 0.0791015625 0.3828125 0.1826171875 0.388671875 0.203125 0.3642578125 0.203125 0.2939453125 0.1748046875 0.271484375 0.1220703125 0.28125 0.064453125 0.3623046875
3 0.4375 0.4306640625 0.458984375 0.4072265625 0.4375 0.3642578125 0.3623046875 0.3359375 0.3671875 0.3798828125
3 0.61328125 0.5224609375 0.703125 0.4970703125 0.701171875 0.4189453125 0.6748046875 0.375 0.6484375 0.3916015625 0.591796875 0.4970703125
3 0.46875 0.5302734375 0.4521484375 0.4921875 0.451171875 0.5166015625
3 0.529296875 0.6162109375 0.583984375 0.5498046875 0.599609375 0.4873046875 0.5908203125 0.5 0.5810546875 0.482421875 0.5322265625 0.46875 0.4970703125 0.46875 0.4755859375 0.494140625 0.4580078125 0.482421875 0.47265625 0.5498046875 0.5 0.5986328125
3 0.1875 0.5849609375 0.1943359375 0.56640625 0.2314453125 0.5625 0.2392578125 0.548828125 0.24609375 0.5576171875 0.23828125 0.5009765625 0.2197265625 0.494140625 0.2080078125 0.5078125 0.1650390625 0.48046875 0.0947265625 0.46875 0.130859375 0.5341796875
3 0.28515625 0.7548828125 0.30859375 0.7451171875 0.31640625 0.7216796875 0.310546875 0.6728515625 0.2275390625 0.6328125 0.263671875 0.7392578125
3 0.69921875 0.9892578125 0.8017578125 0.955078125 0.857421875 0.9072265625 0.7529296875 0.95703125 0.6884765625 0.955078125 0.6865234375 0.9375 0.6728515625 0.95703125 0.6669921875 0.93359375 0.666015625 0.9736328125
3 0.890625 0.8076171875 0.923828125 0.6982421875 0.845703125 0.5458984375 0.857421875 0.4501953125 0.8251953125 0.37890625 0.8173828125 0.40625 0.7470703125 0.40625 0.73046875 0.4248046875 0.728515625 0.4580078125 0.75390625 0.5029296875 0.701171875 0.6142578125 0.685546875 0.7392578125 0.6982421875 0.755859375 0.7080078125 0.740234375 0.7216796875 0.748046875 0.716796875 0.7607421875 0.7353515625 0.7578125 0.7392578125 0.77734375 0.7705078125 0.7421875 0.7763671875 0.755859375 0.7880859375 0.74609375 0.806640625 0.7587890625 0.8134765625 0.796875
3 0.6875 0.9931640625 0.7578125 0.9697265625 0.720703125 0.9580078125 0.7421875 0.8994140625 0.720703125 0.8505859375 0.7265625 0.8076171875 0.712890625 0.8037109375 0.728515625 0.7919921875 0.7109375 0.7880859375 0.75 0.7626953125 0.7080078125 0.7421875 0.6982421875 0.759765625 0.69140625 0.7197265625 0.6298828125 0.69140625 0.5615234375 0.689453125 0.556640625 0.7158203125 0.57421875 0.7353515625 0.5625 0.7412109375 0.58203125 0.7509765625 0.572265625 0.7607421875 0.595703125 0.7802734375 0.595703125 0.8271484375 0.61328125 0.8447265625 0.611328125 0.8857421875 0.65625 0.9775390625
3 0.455078125 0.8505859375 0.5 0.8330078125 0.490234375 0.7451171875 0.3857421875 0.734375 0.35546875 0.7861328125 0.361328125 0.8330078125 0.4013671875 0.845703125 0.4423828125 0.8359375