2 0.4375 0.4306640625 0.4111328125 0.390625 0.375 0.3857421875 0.3857421875 0.412109375
2 0.28515625 0.6689453125 0.326171875 0.6201171875 0.3056640625 0.5859375 0.2763671875 0.580078125 0.2529296875 0.603515625 0.21875 0.6064453125 0.2236328125 0.65234375
2 0.48828125 0.9052734375 0.533203125 0.8916015625 0.5234375 0.8408203125 0.546875 0.8115234375 0.4833984375 0.74609375 0.4248046875 0.73046875 0.40625 0.7431640625 0.423828125 0.7763671875 0.400390625 0.8115234375 0.404296875 0.8408203125
2 0.529296875 0.5810546875 0.537109375 0.5634765625 0.5126953125 0.5390625 0.46875 0.5400390625 0.4697265625 0.560546875
2 0.5703125 0.6533203125 0.59765625 0.6376953125 0.591796875 0.6181640625 0.5732421875 0.6015625 0.5419921875 0.607421875 0.541015625 0.6376953125
2 0.326171875 0.4208984375 0.328125 0.3779296875 0.3369140625 0.384765625 0.375 0.3466796875 0.3486328125 0.31640625 0.3173828125 0.310546875 0.32421875 0.3759765625 0.3037109375 0.373046875 0.27734375 0.3955078125
2 0.556640625 0.4287109375 0.5751953125 0.40234375 0.6162109375 0.400390625 0.625 0.3740234375 0.5986328125 0.357421875 0.5654296875 0.361328125 0.521484375 0.3994140625 0.5302734375 0.423828125
2 0.4609375 0.3583984375 0.47265625 0.3369140625 0.4375 0.3056640625 0.447265625 0.2958984375 0.4111328125 0.265625 0.3818359375 0.263671875 0.408203125 0.3076171875 0.396484375 0.3154296875 0.4228515625 0.3125 0.419921875 0.3408203125
2 0.390625 0.5556640625 0.40625 0.5302734375 0.3876953125 0.505859375 0.330078125 0.5068359375 0.3369140625 0.533203125
2 0.6796875 0.3212890625 0.6875 0.3076171875 0.6728515625 0.291015625 0.638671875 0.2978515625 0.6533203125 0.318359375
2 0.63671875 0.5029296875 0.6220703125 0.4765625 0.595703125 0.4892578125
2 0.74609375 0.5556640625 0.751953125 0.5224609375 0.7373046875 0.501953125 0.671875 0.5048828125 0.6806640625 0.525390625
2 0.11328125 0.4248046875 0.126953125 0.4111328125 0.1220703125 0.380859375 0.095703125 0.3974609375
2 0.52734375 0.7294921875 0.54296875 0.7197265625 0.529296875 0.6904296875 0.4970703125 0.689453125 0.5 0.7275390625
2 0.724609375 0.7099609375 0.748046875 0.6884765625 0.6884765625 0.669921875 0.69140625 0.6923828125
2 0.708984375 0.2783203125 0.7265625 0.2568359375 0.6904296875 0.248046875 0.6875 0.2705078125
2 0.53515625 0.4677734375 0.55859375 0.4326171875 0.5341796875 0.423828125 0.515625 0.4384765625 0.513671875 0.4658203125