2 0.61328125 0.3154296875 0.626953125 0.3056640625 0.623046875 0.2587890625 0.5654296875 0.2578125 0.576171875 0.3017578125
2 0.3203125 0.4130859375 0.34375 0.4033203125 0.3525390625 0.376953125 0.3154296875 0.37109375 0.28515625 0.3994140625
2 0.41015625 0.4755859375 0.4375 0.4541015625 0.4365234375 0.4375 0.376953125 0.4482421875 0.3798828125 0.470703125
2 0.568359375 0.5537109375 0.6201171875 0.53125 0.630859375 0.5048828125 0.6025390625 0.5 0.5869140625 0.525390625 0.5478515625 0.505859375 0.54296875 0.5302734375
2 0.474609375 0.2392578125 0.498046875 0.2236328125 0.4736328125 0.19921875 0.4296875 0.2177734375 0.4365234375 0.23828125
2 0.5 0.3447265625 0.525390625 0.3369140625 0.5224609375 0.30859375 0.486328125 0.3212890625
2 0.283203125 0.3623046875 0.302734375 0.3505859375 0.2705078125 0.330078125 0.251953125 0.3564453125
2 0.478515625 0.5439453125 0.49609375 0.5224609375 0.4833984375 0.501953125 0.453125 0.5185546875
2 0.37890625 0.5166015625 0.40625 0.4951171875 0.4033203125 0.4765625 0.353515625 0.4853515625 0.353515625 0.5048828125
2 0.375 0.7177734375 0.390625 0.6943359375 0.3623046875 0.685546875 0.35546875 0.7041015625
2 0.6015625 0.7548828125 0.623046875 0.7197265625 0.60546875 0.7119140625 0.603515625 0.6904296875 0.5595703125 0.671875 0.5615234375 0.70703125 0.55078125 0.6728515625 0.5205078125 0.6640625 0.5234375 0.7412109375 0.5673828125 0.75 0.5732421875 0.734375
2 0.46484375 0.7685546875 0.4765625 0.7431640625 0.4423828125 0.734375 0.435546875 0.7626953125
2 0.544921875 0.8447265625 0.5625 0.8095703125 0.5107421875 0.802734375 0.505859375 0.8310546875