3 0.2890625 0.8701171875 0.3349609375 0.859375 0.4248046875 0.7890625 0.462890625 0.8623046875 0.484375 0.8310546875 0.48046875 0.7978515625 0.447265625 0.7587890625 0.4189453125 0.6875 0.3818359375 0.67578125 0.279296875 0.6923828125 0.2734375 0.8681640625
3 0.58203125 0.8974609375 0.6328125 0.8818359375 0.6640625 0.8173828125 0.65234375 0.7900390625 0.6611328125 0.775390625 0.6513671875 0.78515625 0.6044921875 0.765625 0.58984375 0.8056640625 0.560546875 0.8134765625 0.55859375 0.8505859375 0.52734375 0.8544921875
3 0.662109375 0.8369140625 0.6796875 0.8330078125 0.6806640625 0.81640625 0.7373046875 0.8359375 0.7431640625 0.822265625 0.814453125 0.8076171875 0.81640625 0.7333984375 0.7998046875 0.6875 0.767578125 0.7138671875 0.7626953125 0.75 0.7548828125 0.716796875 0.6953125 0.6845703125 0.703125 0.6943359375 0.689453125 0.7060546875 0.705078125 0.7099609375 0.66015625 0.7802734375
3 0.828125 0.7314453125 0.8583984375 0.7109375 0.9033203125 0.71875 0.923828125 0.7021484375 0.91015625 0.6923828125 0.916015625 0.6064453125 0.8583984375 0.5546875 0.833984375 0.5537109375 0.8447265625 0.546875 0.7783203125 0.529296875 0.81640625 0.7275390625
3 0.23046875 0.9052734375 0.2734375 0.8935546875 0.287109375 0.7177734375 0.271484375 0.6904296875 0.1923828125 0.6328125 0.1748046875 0.634765625 0.169921875 0.6533203125 0.2158203125 0.6640625 0.0576171875 0.6640625 0.0244140625 0.693359375 0.0126953125 0.67578125 0.0078125 0.7255859375 0.0185546875 0.7421875 0.04296875 0.7431640625 0.080078125 0.8173828125 0.1455078125 0.865234375 0.1806640625 0.857421875
3 0.201171875 0.5986328125 0.23046875 0.5205078125 0.203125 0.4384765625 0.1376953125 0.419921875 0.1044921875 0.4296875 0.15234375 0.5556640625 0.1826171875 0.59765625
3 0.322265625 0.6923828125 0.375 0.6767578125 0.375 0.6025390625 0.3623046875 0.578125 0.3076171875 0.55078125 0.27734375 0.6259765625 0.27734375 0.6845703125
3 0.671875 0.6123046875 0.689453125 0.5849609375 0.673828125 0.4228515625 0.6318359375 0.419921875 0.6005859375 0.3984375 0.5654296875 0.404296875 0.6484375 0.5908203125
3 0.4765625 0.5986328125 0.509765625 0.5556640625 0.4921875 0.4091796875 0.4501953125 0.400390625 0.4306640625 0.375 0.3720703125 0.38671875 0.353515625 0.4072265625 0.353515625 0.4462890625 0.423828125 0.5595703125
3 0.8828125 0.1923828125 0.93359375 0.1865234375 0.912109375 0.0673828125 0.87109375 0.0341796875 0.8701171875 0 0.7724609375 0 0.76171875 0.1298828125 0.7939453125 0.177734375 0.8017578125 0.1640625 0.8095703125 0.1796875 0.8154296875 0.169921875
3 0.72265625 0.3251953125 0.740234375 0.3076171875 0.76171875 0.2236328125 0.759765625 0.0712890625 0.779296875 0.0009765625 0.4501953125 0 0.435546875 0.2822265625 0.6279296875 0.29296875
3 0.025390625 0.3251953125 0.3994140625 0.306640625 0.421875 0.2939453125 0.3095703125 0.26953125 0.2197265625 0.2890625 0.0498046875 0.2890625 0.005859375 0.3017578125 0.005859375 0.3232421875
3 0.0234375 0.2880859375 0.2099609375 0.283203125 0.2353515625 0.265625 0.4091796875 0.27734375 0.39453125 0.2490234375 0.423828125 0.2333984375 0.4375 0.1865234375 0.431640625 0.0068359375 0.0107421875 0 0.0078125 0.2705078125