3 0.73046875 0.3681640625 0.755859375 0.3154296875 0.7373046875 0.16015625 0.7314453125 0.21484375 0.6923828125 0.203125 0.6748046875 0.1640625 0.6533203125 0.203125 0.6435546875 0.162109375 0.6318359375 0.21875 0.6123046875 0.1796875 0.6083984375 0.201171875 0.5966796875 0.1796875 0.5908203125 0.197265625 0.5556640625 0.169921875 0.5703125 0.1904296875 0.5478515625 0.19140625 0.5078125 0.1513671875 0.5283203125 0.1484375 0.5244140625 0.13671875 0.5029296875 0.14453125 0.4970703125 0.126953125 0.3896484375 0.083984375 0.3310546875 0.154296875 0.32421875 0.1455078125 0.333984375 0.2080078125 0.3837890625 0.21875 0.4462890625 0.265625 0.5302734375 0.359375 0.5654296875 0.3359375 0.6240234375 0.349609375 0.6494140625 0.328125 0.6708984375 0.328125 0.6767578125 0.34375 0.6826171875 0.328125
3 0.234375 0.4091796875 0.4521484375 0.404296875 0.486328125 0.3427734375 0.4609375 0.2939453125 0.3974609375 0.234375 0.3369140625 0.23046875 0.3037109375 0.20703125 0.2197265625 0.205078125 0.193359375 0.2705078125 0.19140625 0.3505859375
3 0.0546875 0.6337890625 0.0673828125 0.595703125 0.1240234375 0.6015625 0.1318359375 0.58203125 0.1845703125 0.609375 0.2431640625 0.60546875 0.2783203125 0.62109375 0.3115234375 0.611328125 0.287109375 0.5830078125 0.302734375 0.5634765625 0.28515625 0.5517578125 0.30078125 0.5478515625 0.2734375 0.5439453125 0.298828125 0.5263671875 0.298828125 0.4853515625 0.2255859375 0.419921875 0.1748046875 0.451171875 0.1005859375 0.46875 0.0576171875 0.513671875 0.0341796875 0.505859375 0.013671875 0.5380859375 0.025390625 0.6201171875
3 1 0.4013671875 1 0.2998046875 0.9365234375 0.25 0.91796875 0.3095703125
3 0.8203125 0.9365234375 1 0.6337890625 0.9931640625 0.6015625 0.9658203125 0.6171875 0.9091796875 0.6171875 0.8994140625 0.603515625 0.8486328125 0.6328125 0.8232421875 0.619140625 0.8193359375 0.634765625 0.8056640625 0.62109375 0.8037109375 0.634765625 0.7919921875 0.623046875 0.7861328125 0.63671875 0.7587890625 0.625 0.7529296875 0.640625 0.736328125 0.6376953125 0.74609375 0.6689453125 0.728515625 0.7041015625 0.7265625 0.7607421875 0.712890625 0.7666015625 0.7265625 0.7939453125 0.712890625 0.7998046875 0.7265625 0.8017578125 0.7265625 0.8330078125 0.755859375 0.8466796875 0.755859375 0.8662109375 0.7431640625 0.857421875 0.7353515625 0.873046875 0.7294921875 0.85546875 0.7236328125 0.875 0.685546875 0.8779296875 0.7109375 0.8818359375 0.7119140625 0.90625 0.724609375 0.8876953125 0.724609375 0.9169921875 0.7431640625 0.9375 0.7626953125 0.9140625 0.7666015625 0.935546875 0.7802734375 0.9140625 0.7998046875 0.9375
3 0.326171875 0.8369140625 0.34375 0.8037109375 0.326171875 0.7138671875 0.2587890625 0.6796875 0.244140625 0.6884765625 0.2578125 0.7587890625
3 0.232421875 0.9169921875 0.21875 0.8935546875 0.2421875 0.8369140625 0.240234375 0.8076171875 0.212890625 0.7861328125 0.224609375 0.7763671875 0.1669921875 0.724609375 0.0556640625 0.7109375 0.03125 0.7353515625 0.056640625 0.7783203125 0.044921875 0.7939453125 0.052734375 0.8193359375
3 0.455078125 0.9990234375 0.5 0.9150390625 0.4912109375 0.892578125 0.423828125 0.9853515625 0.4228515625 1
3 0.51953125 0.6884765625 0.5478515625 0.6875 0.5498046875 0.673828125 0.5810546875 0.671875 0.599609375 0.6513671875 0.611328125 0.5478515625 0.6015625 0.4873046875 0.5205078125 0.388671875 0.5068359375 0.404296875 0.4462890625 0.390625 0.3408203125 0.4140625 0.33984375 0.4443359375 0.310546875 0.4736328125 0.33203125 0.5302734375 0.326171875 0.5888671875 0.30859375 0.6005859375 0.3896484375 0.662109375 0.4345703125 0.677734375 0.4775390625 0.669921875
3 0.734375 0.5146484375 0.7373046875 0.501953125 0.8017578125 0.50390625 0.83984375 0.4873046875 0.83203125 0.4248046875 0.7607421875 0.373046875 0.73828125 0.4208984375
3 0.7578125 0.9990234375 0.77734375 0.9931640625 0.7734375 0.8876953125 0.7578125 0.8798828125 0.7734375 0.8720703125 0.755859375 0.8505859375 0.771484375 0.8251953125 0.7578125 0.8193359375 0.755859375 0.7783203125 0.7392578125 0.76171875 0.6669921875 0.7578125 0.67578125 0.7470703125 0.662109375 0.7373046875 0.673828125 0.7314453125 0.6376953125 0.7109375 0.595703125 0.7958984375 0.501953125 0.9150390625 0.462890625 0.9990234375