10 0.591796875 0.2275390625 0.609375 0.1884765625 0.630859375 0.1845703125 0.568359375 0.0986328125 0.552734375 0.0478515625 0.5224609375 0.03515625 0.4375 0.1103515625 0.455078125 0.1318359375 0.455078125 0.1923828125 0.4638671875 0.2109375 0.4873046875 0.1953125 0.5087890625 0.208984375 0.5185546875 0.1953125 0.5556640625 0.1953125
10 0.419921875 0.2724609375 0.484375 0.2529296875 0.484375 0.2373046875 0.4609375 0.2294921875 0.455078125 0.1962890625 0.462890625 0.1240234375 0.3466796875 0.1171875 0.291015625 0.1943359375 0.291015625 0.2216796875 0.3857421875 0.2734375
10 0.814453125 0.8701171875 0.88671875 0.8095703125 0.8837890625 0.7578125 0.8251953125 0.751953125 0.76953125 0.8076171875 0.78515625 0.8486328125
10 0.5993920464156629 0.5725926809344896 0.6189232964156629 0.5550145559344896 0.6013285787536017 0.47199686283882925 0.6687279839156629 0.5052098684344896 0.6755639214156629 0.47103018093448956 0.6950951714156629 0.45540518093448956 0.6775170464156629 0.43782705593448956 0.6794701714156629 0.39681143093448956 0.5906029839156629 0.36263174343448956 0.5378686089156629 0.36067861843448956 0.5017357964156629 0.41438955593448956 0.5134545464156629 0.43196768093448956 0.5017357964156629 0.44368643093448956 0.5134545464156629 0.5589208059344896 0.5787629604844312 0.45463059055914967 0.5847436089156629 0.5657567434344896 0.5857201714156629 0.5374364309344896 0.6062279839156629 0.5345067434344896
10 0.515625 0.3779296875 0.5380859375 0.341796875 0.515625 0.3525390625
10 0.302734375 0.6943359375 0.3017578125 0.673828125 0.259765625 0.6572265625
10 0.3671875 0.7763671875 0.40234375 0.7236328125 0.3427734375 0.65625 0.330078125 0.7060546875
10 0.4765625 0.7548828125 0.4921875 0.7216796875 0.4423828125 0.712890625 0.443359375 0.7314453125
10 0.216796875 0.8134765625 0.203125 0.7333984375 0.177734375 0.7119140625 0.18359375 0.6865234375 0.171875 0.6845703125 0.1689453125 0.7109375 0.158203125 0.6708984375 0.134765625 0.6611328125 0.1484375 0.6357421875 0.1337890625 0.625 0.109375 0.6455078125 0.08984375 0.7060546875 0.1708984375 0.798828125
10 0.796875 0.4833984375 0.81640625 0.4775390625 0.818359375 0.4384765625 0.8125 0.4150390625 0.7919921875 0.412109375 0.77734375 0.4189453125 0.775390625 0.4580078125
10 0.58984375 0.9501953125 0.806640625 0.8701171875 0.7568359375 0.81640625 0.6787109375 0.822265625 0.75 0.8330078125 0.6044921875 0.853515625 0.5068359375 0.900390625 0.490234375 0.9228515625 0.5126953125 0.9453125
10 0.25 0.6162109375 0.2177734375 0.5859375 0.1767578125 0.580078125 0.1640625 0.5927734375 0.1865234375 0.615234375
10 0.46875 0.5791015625 0.486328125 0.5732421875 0.48828125 0.4912109375 0.45703125 0.4306640625 0.4521484375 0.447265625 0.4267578125 0.4296875 0.3759765625 0.4375 0.388671875 0.5009765625