10 0.291015625 0.1396484375 0.34375 0.1005859375 0.3525390625 0.07421875 0.376953125 0.0673828125 0.3369140625 0.02734375 0.3173828125 0.02734375 0.283203125 0.0654296875 0.279296875 0.1357421875
10 0.333984375 0.9404296875 0.4375 0.9072265625 0.443359375 0.8642578125 0.42578125 0.8505859375 0.435546875 0.8134765625 0.4072265625 0.80859375 0.3798828125 0.7734375 0.34765625 0.7724609375 0.3623046875 0.765625 0.3310546875 0.7734375 0.3251953125 0.796875 0.3037109375 0.7578125 0.1572265625 0.748046875 0.1298828125 0.716796875 0.1171875 0.7880859375 0.15625 0.8720703125 0.2412109375 0.93359375
10 0.54296875 0.7685546875 0.5537109375 0.751953125 0.58203125 0.7490234375 0.619140625 0.6748046875 0.6015625 0.6650390625 0.6015625 0.6083984375 0.583984375 0.5771484375 0.5361328125 0.572265625 0.5166015625 0.548828125 0.50390625 0.5712890625 0.513671875 0.7412109375 0.5224609375 0.767578125
10 0.74609375 0.5869140625 0.779296875 0.5537109375 0.7666015625 0.53125 0.72265625 0.5439453125 0.720703125 0.5751953125
10 0.666015625 0.7509765625 0.677734375 0.7470703125 0.671875 0.7216796875 0.6416015625 0.705078125 0.640625 0.7490234375
10 0.533203125 0.8857421875 0.6162109375 0.875 0.640625 0.8505859375 0.6484375 0.8154296875 0.5732421875 0.8046875 0.5859375 0.7822265625 0.5732421875 0.76953125 0.5458984375 0.7734375 0.5400390625 0.79296875 0.5263671875 0.783203125 0.509765625 0.8662109375
10 0.416015625 0.2431640625 0.4140625 0.2138671875 0.435546875 0.2080078125 0.435546875 0.1884765625 0.4111328125 0.18359375 0.3994140625 0.15625 0.2900390625 0.15234375 0.279296875 0.1669921875 0.2705078125 0.232421875
10 0.751953125 0.4501953125 0.708984375 0.3271484375 0.6240234375 0.23046875 0.5537109375 0.1875 0.6117434896803557 0.25491845934283475 0.6291017187025381 0.28444113546770433 0.6360450367979662 0.29659747306582285 0.6655541055953431 0.33653995230674305 0.7315152964199696 0.3973219052856214
10 0.595703125 0.8486328125 0.6162109375 0.84765625 0.6015625 0.8408203125 0.6171875 0.8291015625 0.5869140625 0.818359375 0.6318359375 0.83984375 0.6669921875 0.806640625 0.7470703125 0.787109375 0.833984375 0.7392578125 0.856494492406572 0.6925485340401739 0.8115234375 0.603515625 0.7998046875 0.6171875 0.8235139632106474 0.6994950032038031 0.8113632558682309 0.7151246747543432 0.7731752049925404 0.7515938200428417 0.7020063600553705 0.7620135569118209 0.6238943294555499 0.7932729000129013 0.556640625 0.7626953125 0.572265625 0.7724609375 0.5546875 0.7763671875 0.552734375 0.8095703125 0.5771484375 0.84765625
10 0.17605196771013287 0.45810385826449984 0.234375 0.3271484375 0.2548828125 0.208984375 0.2265625 0.2490234375 0.208984375 0.3212890625
10 0.125 0.6689453125 0.154296875 0.5927734375 0.1533203125 0.5390625 0.1572265625 0.5625 0.162109375 0.5537109375 0.1630859375 0.46875 0.12890625 0.5517578125 0.1015625 0.5810546875
10 0.34375 0.4130859375 0.359375 0.3896484375 0.3505859375 0.357421875 0.3271484375 0.365234375 0.30859375 0.3955078125 0.3095703125 0.412109375
10 0.5078125 0.5634765625 0.51953125 0.5419921875 0.505859375 0.5087890625 0.51953125 0.4873046875 0.4501953125 0.359375 0.453125 0.4189453125 0.478515625 0.4404296875
10 0.529296875 0.5400390625 0.619140625 0.5126953125 0.62109375 0.4580078125 0.65234375 0.3916015625 0.6455078125 0.373046875 0.5556640625 0.357421875 0.5 0.3779296875 0.48828125 0.4287109375 0.51171875 0.4931640625 0.505859375 0.5361328125
10 0.642578125 0.6298828125 0.6826171875 0.623046875 0.703125 0.5810546875 0.6865234375 0.568359375 0.6337890625 0.572265625 0.6171875 0.6044921875 0.62109375 0.6240234375
10 0.240234375 0.4150390625 0.25 0.3935546875 0.2236328125 0.384765625 0.21484375 0.4033203125
10 0.51953125 0.2275390625 0.59765625 0.2138671875 0.4697265625 0.111328125 0.3818359375 0.072265625 0.4346896066272059 0.12119814953988794 0.4676702682559082 0.14898419181208233 0.4919718153735191 0.16287726263348312 0.5301598662492093 0.19760980719284216
10 0.23046875 0.6982421875 0.25 0.6787109375 0.2421875 0.6376953125 0.1982421875 0.626953125 0.1796875 0.6806640625
10 0.310546875 0.6689453125 0.3095703125 0.63671875 0.279296875 0.6474609375 0.2841796875 0.669921875