10 0.498046875 0.0908203125 0.5009765625 0.0703125 0.529296875 0.0615234375 0.5244140625 0.048828125 0.4873046875 0.048828125 0.466796875 0.0712890625
10 0.421875 0.2880859375 0.4736328125 0.2734375 0.5126953125 0.234375 0.568359375 0.2431640625 0.501953125 0.0986328125 0.498046875 0.0712890625 0.521484375 0.0615234375 0.5185546875 0.048828125 0.4853515625 0.052734375 0.2784655454275645 0.1976098071928421 0.2576357235740568 0.24797192393213435 0.365234375 0.2392578125 0.3994140625 0.2421875
10 0.650390625 0.3408203125 0.65234375 0.2939453125 0.6123046875 0.291015625
10 0.234375 0.4716796875 0.2939453125 0.466796875 0.296875 0.4326171875 0.255859375 0.4013671875 0.248046875 0.3310546875 0.2236328125 0.3125 0.201171875 0.3701171875 0.208984375 0.4267578125
10 0.208984375 0.4892578125 0.25 0.4638671875 0.2392578125 0.431640625 0.19140625 0.4384765625 0.1875 0.4814453125
10 0.15234375 0.6220703125 0.2333984375 0.5859375 0.263671875 0.5517578125 0.2353515625 0.505859375 0.2021484375 0.498046875 0.14453125 0.5400390625 0.13671875 0.5771484375
10 0.37890625 0.9287109375 0.4140625 0.9169921875 0.3974609375 0.87109375 0.3662109375 0.876953125 0.353515625 0.9013671875 0.357421875 0.9248046875
10 0.48046875 0.7666015625 0.5556640625 0.755859375 0.56640625 0.6904296875 0.4892578125 0.69140625 0.46875 0.7529296875
10 0.560546875 0.4384765625 0.548828125 0.4326171875 0.5625 0.4287109375 0.568359375 0.3779296875 0.55078125 0.3466796875 0.5126953125 0.328125 0.5048828125 0.33984375 0.4990234375 0.328125 0.4560546875 0.328125 0.43359375 0.3642578125 0.447265625 0.3701171875 0.44921875 0.4208984375
10 0.560546875 0.5185546875 0.57421875 0.5126953125 0.576171875 0.4833984375 0.5419921875 0.466796875 0.533203125 0.5009765625
10 0.328125 0.8134765625 0.359375 0.7978515625 0.359375 0.7568359375 0.2919921875 0.736328125 0.2666015625 0.74609375 0.24609375 0.7822265625 0.2724609375 0.806640625
10 0.20703125 0.7822265625 0.2265625 0.7724609375 0.224609375 0.7529296875 0.2041015625 0.71875 0.18359375 0.7177734375 0.185546875 0.6884765625 0.1533203125 0.697265625 0.1220703125 0.677734375 0.1640625 0.7744140625
10 0.201171875 0.8486328125 0.2490234375 0.826171875 0.265625 0.7958984375 0.1943359375 0.7890625 0.185546875 0.8466796875
10 0.2578125 0.3896484375 0.2939453125 0.388671875 0.30859375 0.3720703125 0.2978515625 0.328125 0.24609375 0.3212890625 0.240234375 0.3662109375